종목코드,종목명,종가,대비,시가,고가,저가,내재변동성,익일정산가,거래량,거래대금,미결제약정
"201Q9160","코스피200 C 202009 160.0","156.00","15.00","155.85","156.00","155.75","64.00","156.00","20","779.0","1250"
"201Q9162","코스피200 C 202009 162.5",,,,,,"64.00","153.95","0","0.0","0"
"201Q9165","코스피200 C 202009 165.0",,,,,,"64.00","151.45","0","0.0","0"
"201Q9167","코스피200 C 202009 167.5",,,,,,"64.00","148.95","0","0.0","0"
"201Q9170","코스피200 C 202009 170.0",,,,,,"64.00","146.45","0","0.0","0"
"201Q9172","코스피200 C 202009 172.5",,,,,,"64.00","143.95","0","0.0","0"
"201Q9175","코스피200 C 202009 175.0",,,,,,"64.00","141.45","0","0.0","0"
"201Q9177","코스피200 C 202009 177.5",,,,,,"64.00","138.95","0","0.0","0"
"201Q9180","코스피200 C 202009 180.0",,,,,,"64.00","136.45","0","0.0","0"
"201Q9182","코스피200 C 202009 182.5",,,,,,"64.00","133.95","0","0.0","0"
"201Q9185","코스피200 C 202009 185.0",,,,,,"64.00","131.45","0","0.0","0"
"201Q9187","코스피200 C 202009 187.5",,,,,,"64.00","128.95","0","0.0","0"
"201Q9190","코스피200 C 202009 190.0",,,,,,"64.00","126.45","0","0.0","0"
"201Q9192","코스피200 C 202009 192.5",,,,,,"64.00","123.95","0","0.0","0"
"201Q9195","코스피200 C 202009 195.0",,,,,,"64.00","121.45","0","0.0","0"
"201Q9197","코스피200 C 202009 197.5",,,,,,"64.00","118.95","0","0.0","0"
"201Q9200","코스피200 C 202009 200.0",,,,,,"64.00","116.45","0","0.0","1001"
"201Q9202","코스피200 C 202009 202.5",,,,,,"64.00","113.95","0","0.0","0"
"201Q9205","코스피200 C 202009 205.0",,,,,,"64.00","111.45","0","0.0","0"
"201Q9207","코스피200 C 202009 207.5",,,,,,"64.00","108.95","0","0.0","0"
"201Q9210","코스피200 C 202009 210.0",,,,,,"64.00","106.45","0","0.0","0"
"201Q9212","코스피200 C 202009 212.5",,,,,,"64.00","103.95","0","0.0","0"
"201Q9215","코스피200 C 202009 215.0",,,,,,"63.99","101.45","0","0.0","0"
"201Q9217","코스피200 C 202009 217.5",,,,,,"64.00","98.95","0","0.0","27"
"201Q9220","코스피200 C 202009 220.0",,,,,,"63.99","96.45","0","0.0","151"
"201Q9222","코스피200 C 202009 222.5",,,,,,"64.00","93.95","0","0.0","1"
"201Q9225","코스피200 C 202009 225.0",,,,,,"64.00","91.45","0","0.0","1"
"201Q9227","코스피200 C 202009 227.5",,,,,,"64.00","88.95","0","0.0","0"
"201Q9230","코스피200 C 202009 230.0",,,,,,"64.00","86.45","0","0.0","2553"
"201Q9232","코스피200 C 202009 232.5",,,,,,"64.00","83.95","0","0.0","3"
"201Q9235","코스피200 C 202009 235.0",,,,,,"64.00","81.45","0","0.0","1208"
"201Q9237","코스피200 C 202009 237.5",,,,,,"64.00","78.95","0","0.0","17"
"201Q9240","코스피200 C 202009 240.0",,,,,,"64.00","76.45","0","0.0","1221"
"201Q9242","코스피200 C 202009 242.5",,,,,,"64.00","73.95","0","0.0","4"
"201Q9245","코스피200 C 202009 245.0","71.25","4.65","72.20","72.20","71.25","64.00","71.25","2","36.0","3708"
"201Q9247","코스피200 C 202009 247.5",,,,,,"64.00","69.00","0","0.0","5"
"201Q9250","코스피200 C 202009 250.0","65.85","5.10","63.75","65.85","63.75","64.00","65.85","6","98.0","10305"
"201Q9252","코스피200 C 202009 252.5",,,,,,"64.00","64.00","0","0.0","4"
"201Q9255","코스피200 C 202009 255.0",,,,,,"64.00","61.50","0","0.0","21"
"201Q9257","코스피200 C 202009 257.5",,,,,,"64.00","59.05","0","0.0","29"
"201Q9260","코스피200 C 202009 260.0","56.45","6.75","56.40","56.45","56.35","64.00","56.45","3","42.0","4077"
"201Q9262","코스피200 C 202009 262.5",,,,,,"55.99","54.00","0","0.0","33"
"201Q9265","코스피200 C 202009 265.0",,,,,,"48.00","51.50","0","0.0","22"
"201Q9267","코스피200 C 202009 267.5",,,,,,"40.00","48.95","0","0.0","9"
"201Q9270","코스피200 C 202009 270.0","45.95","4.40","47.00","47.00","45.95","32.00","45.95","6","69.0","1136"
"201Q9272","코스피200 C 202009 272.5",,,,,,"24.75","43.95","0","0.0","279"
"201Q9275","코스피200 C 202009 275.0",,,,,,"17.50","41.45","0","0.0","1016"
"201Q9277","코스피200 C 202009 277.5",,,,,,"10.25","38.95","0","0.0","143"
"201Q9280","코스피200 C 202009 280.0","36.85","8.05","36.90","36.95","36.20","3.00","36.85","8","73.0","4952"
"201Q9282","코스피200 C 202009 282.5",,,,,,"17.50","33.95","0","0.0","402"
"201Q9285","코스피200 C 202009 285.0","31.50","4.60","31.50","31.50","31.50","32.00","31.50","1","8.0","3649"
"201Q9287","코스피200 C 202009 287.5",,,,,,"17.50","28.95","0","0.0","96"
"201Q9290","코스피200 C 202009 290.0","26.00","6.00","26.00","26.00","26.00","3.00","26.00","20","130.0","4986"
"201Q9292","코스피200 C 202009 292.5",,,,,,"13.50","23.95","0","0.0","625"
"201Q9295","코스피200 C 202009 295.0","22.10","4.85","20.35","22.65","20.35","24.00","22.10","32","174.0","3325"
"201Q9297","코스피200 C 202009 297.5","19.00","4.05","18.30","19.30","17.65","30.00","19.00","14","65.0","872"
"201Q9300","코스피200 C 202009 300.0","16.55","3.85","15.00","17.50","15.00","16.00","16.55","91","373.0","3729"
"201Q9302","코스피200 C 202009 302.5","14.35","3.70","13.40","15.55","13.30","22.00","14.35","128","465.0","1757"
"201Q9305","코스피200 C 202009 305.0","11.95","3.03","10.00","13.20","10.00","20.00","11.95","638","1926.0","4833"
"201Q9307","코스피200 C 202009 307.5","9.98","2.91","8.82","11.00","8.49","21.50","9.98","969","2412.0","4165"
"201Q9310","코스피200 C 202009 310.0","7.85","2.41","6.96","9.00","6.67","20.50","7.85","3428","6784.0","8260"
"201Q9312","코스피200 C 202009 312.5","6.04","2.02","5.31","7.09","5.10","20.00","6.04","11024","17101.0","9202"
"201Q9315","코스피200 C 202009 315.0","4.48","1.61","3.89","5.38","3.63","20.00","4.48","39465","45410.0","16741"
"201Q9317","코스피200 C 202009 317.5","3.17","1.18","2.77","3.93","2.60","19.60","3.17","90444","76259.0","16148"
"201Q9320","코스피200 C 202009 320.0","2.18","0.85","1.87","2.75","1.77","19.60","2.18","145851","84222.0","24104"
"201Q9322","코스피200 C 202009 322.5","1.44","0.58","1.27","1.88","1.16","19.60","1.44","163294","63829.0","23456"
"201Q9325","코스피200 C 202009 325.0","0.92","0.37","0.81","1.24","0.72","19.70","0.92","164185","41789.0","33310"
"201Q9327","코스피200 C 202009 327.5","0.58","0.23","0.50","0.80","0.45","19.90","0.58","98442","15605.0","13003"
"201Q9330","코스피200 C 202009 330.0","0.35","0.13","0.31","0.50","0.29","20.10","0.35","161121","15795.0","29888"
"201Q9332","코스피200 C 202009 332.5","0.21","0.07","0.20","0.31","0.18","20.50","0.21","94231","5683.0","21996"
"201Q9335","코스피200 C 202009 335.0","0.13","0.04","0.13","0.20","0.11","21.10","0.13","71215","2642.0","27820"
"201Q9337","코스피200 C 202009 337.5","0.08","0.03","0.08","0.12","0.07","21.40","0.08","23681","537.0","16430"
"201Q9340","코스피200 C 202009 340.0","0.05","0.02","0.06","0.08","0.04","22.10","0.05","36648","542.0","22799"
"201Q9342","코스피200 C 202009 342.5","0.03","0.01","0.03","0.05","0.02","22.40","0.03","10570","91.0","11937"
"201Q9345","코스피200 C 202009 345.0","0.01","-0.01","0.02","0.03","0.01","21.70","0.01","13360","70.0","16532"
"201Q9347","코스피200 C 202009 347.5","0.01","0.00","0.01","0.02","0.01","23.30","0.01","5740","24.0","9581"
"201Q9350","코스피200 C 202009 350.0","0.01","0.00","0.01","0.02","0.01","24.90","0.01","3369","8.0","13564"
"201Q9352","코스피200 C 202009 352.5","0.01","0.00","0.01","0.01","0.01","26.20","0.01","196","0.0","7727"
"201Q9355","코스피200 C 202009 355.0","0.01","0.00","0.01","0.01","0.01","27.80","0.01","50","0.0","7951"
"201Q9357","코스피200 C 202009 357.5","0.01","0.00","0.01","0.01","0.01","29.00","0.01","1","0.0","12244"
"201Q9360","코스피200 C 202009 360.0","0.01","0.00","0.01","0.01","0.01","31.00","0.01","36","0.0","10566"
"201Q9362","코스피200 C 202009 362.5","0.01","0.00","0.01","0.01","0.01","32.30","0.01","1","0.0","6401"
"201Q9365","코스피200 C 202009 365.0","0.01","0.00","0.01","0.01","0.01","34.30","0.01","7","0.0","14291"
"201QA202","코스피200 C 202010 202.5",,,,,,"32.00","113.40","0","0.0","0"
"201QA205","코스피200 C 202010 205.0",,,,,,"32.00","110.90","0","0.0","0"
"201QA207","코스피200 C 202010 207.5",,,,,,"32.00","108.40","0","0.0","0"
"201QA210","코스피200 C 202010 210.0",,,,,,"32.00","105.90","0","0.0","0"
"201QA212","코스피200 C 202010 212.5",,,,,,"32.00","103.40","0","0.0","0"
"201QA215","코스피200 C 202010 215.0",,,,,,"32.00","100.90","0","0.0","0"
"201QA217","코스피200 C 202010 217.5",,,,,,"32.00","98.40","0","0.0","0"
"201QA220","코스피200 C 202010 220.0",,,,,,"32.00","95.90","0","0.0","0"
"201QA222","코스피200 C 202010 222.5",,,,,,"32.00","93.40","0","0.0","0"
"201QA225","코스피200 C 202010 225.0",,,,,,"32.00","90.90","0","0.0","0"
"201QA227","코스피200 C 202010 227.5",,,,,,"32.00","88.40","0","0.0","0"
"201QA230","코스피200 C 202010 230.0",,,,,,"32.00","85.95","0","0.0","0"
"201QA232","코스피200 C 202010 232.5",,,,,,"32.00","83.45","0","0.0","0"
"201QA235","코스피200 C 202010 235.0",,,,,,"32.00","80.95","0","0.0","0"
"201QA237","코스피200 C 202010 237.5",,,,,,"32.00","78.45","0","0.0","0"
"201QA240","코스피200 C 202010 240.0",,,,,,"32.00","75.95","0","0.0","0"
"201QA242","코스피200 C 202010 242.5",,,,,,"32.00","73.45","0","0.0","0"
"201QA245","코스피200 C 202010 245.0",,,,,,"32.00","70.95","0","0.0","0"
"201QA247","코스피200 C 202010 247.5",,,,,,"32.00","68.50","0","0.0","1"
"201QA250","코스피200 C 202010 250.0",,,,,,"32.00","66.00","0","0.0","1"
"201QA252","코스피200 C 202010 252.5","64.10","5.20","64.10","64.10","64.10","32.00","64.10","1","16.0","2"
"201QA255","코스피200 C 202010 255.0",,,,,,"31.81","61.05","0","0.0","3"
"201QA257","코스피200 C 202010 257.5",,,,,,"31.63","58.60","0","0.0","2"
"201QA260","코스피200 C 202010 260.0",,,,,,"31.45","56.15","0","0.0","10"
"201QA262","코스피200 C 202010 262.5",,,,,,"31.27","53.75","0","0.0","5"
"201QA265","코스피200 C 202010 265.0",,,,,,"31.09","51.30","0","0.0","0"
"201QA267","코스피200 C 202010 267.5",,,,,,"30.90","48.90","0","0.0","1"
"201QA270","코스피200 C 202010 270.0",,,,,,"30.72","46.50","0","0.0","7"
"201QA272","코스피200 C 202010 272.5",,,,,,"30.54","44.10","0","0.0","9"
"201QA275","코스피200 C 202010 275.0",,,,,,"30.36","41.80","0","0.0","4"
"201QA277","코스피200 C 202010 277.5",,,,,,"30.18","39.50","0","0.0","5"
"201QA280","코스피200 C 202010 280.0","38.00","7.50","38.00","38.00","38.00","30.00","38.00","1","10.0","10"
"201QA282","코스피200 C 202010 282.5",,,,,,"29.50","34.90","0","0.0","12"
"201QA285","코스피200 C 202010 285.0",,,,,,"29.00","32.65","0","0.0","6"
"201QA287","코스피200 C 202010 287.5",,,,,,"28.50","30.40","0","0.0","4"
"201QA290","코스피200 C 202010 290.0","28.60","4.60","28.60","28.60","28.60","28.00","28.60","20","143.0","433"
"201QA292","코스피200 C 202010 292.5",,,,,,"27.33","26.00","0","0.0","5"
"201QA295","코스피200 C 202010 295.0",,,,,,"26.66","23.85","0","0.0","21"
"201QA297","코스피200 C 202010 297.5","21.50","3.70","21.70","21.70","21.50","26.00","21.50","2","11.0","21"
"201QA300","코스피200 C 202010 300.0","19.40","5.10","19.00","19.40","19.00","24.00","19.40","2","10.0","2986"
"201QA302","코스피200 C 202010 302.5",,,,,,"24.00","17.45","0","0.0","108"
"201QA305","코스피200 C 202010 305.0","15.50","3.70","15.05","15.50","15.05","24.00","15.50","2","8.0","602"
"201QA307","코스피200 C 202010 307.5",,,,,,"22.90","13.70","0","0.0","136"
"201QA310","코스피200 C 202010 310.0","11.90","2.28","11.65","12.75","11.25","21.80","11.90","129","394.0","4350"
"201QA312","코스피200 C 202010 312.5","10.70","2.55","10.00","11.05","9.80","22.80","10.70","33","84.0","1259"
"201QA315","코스피200 C 202010 315.0","9.20","2.18","8.40","9.59","8.38","22.00","9.20","93","209.0","1568"
"201QA317","코스피200 C 202010 317.5","7.72","1.81","7.02","8.15","7.00","21.30","7.72","472","908.0","723"
"201QA320","코스피200 C 202010 320.0","6.54","1.59","5.88","7.00","5.83","21.00","6.54","541","871.0","2617"
"201QA322","코스피200 C 202010 322.5","5.52","1.52","5.00","5.89","5.00","20.90","5.52","240","334.0","1116"
"201QA325","코스피200 C 202010 325.0","4.59","1.22","4.04","4.95","4.04","20.90","4.59","1363","1545.0","4664"
"201QA327","코스피200 C 202010 327.5","3.74","1.02","3.35","4.06","3.35","20.40","3.74","951","910.0","1479"
"201QA330","코스피200 C 202010 330.0","3.13","0.90","2.70","3.37","2.69","20.60","3.13","939","707.0","2051"
"201QA332","코스피200 C 202010 332.5","2.53","0.72","2.23","2.74","2.20","20.40","2.53","612","376.0","2196"
"201QA335","코스피200 C 202010 335.0","2.07","0.60","1.78","2.23","1.73","20.40","2.07","1613","820.0","2439"
"201QA337","코스피200 C 202010 337.5","1.69","0.51","1.43","1.81","1.43","20.60","1.69","946","389.0","1607"
"201QA340","코스피200 C 202010 340.0","1.36","0.42","1.14","1.46","1.11","20.50","1.36","2478","831.0","4818"
"201QA342","코스피200 C 202010 342.5","1.09","0.35","0.90","1.16","0.90","20.70","1.09","1203","319.0","2799"
"201QA345","코스피200 C 202010 345.0","0.87","0.29","0.64","0.93","0.64","20.70","0.87","613","131.0","2083"
"201QA347","코스피200 C 202010 347.5","0.69","0.23","0.54","0.75","0.54","20.70","0.69","1252","211.0","3240"
"201QA350","코스피200 C 202010 350.0","0.54","0.17","0.44","0.59","0.44","20.90","0.54","1247","166.0","1825"
"201QA352","코스피200 C 202010 352.5","0.44","0.15","0.35","0.47","0.35","21.00","0.44","953","101.0","1144"
"201QA355","코스피200 C 202010 355.0","0.35","0.13","0.27","0.37","0.27","21.10","0.35","726","60.0","673"
"201QA357","코스피200 C 202010 357.5","0.28","0.11","0.23","0.30","0.23","21.40","0.28","344","23.0","398"
"201QA360","코스피200 C 202010 360.0","0.22","0.08","0.17","0.23","0.17","21.40","0.22","475","25.0","618"
"201QA362","코스피200 C 202010 362.5","0.18","0.07","0.11","0.19","0.11","21.60","0.18","2022","79.0","2387"
"201QB212","코스피200 C 202011 212.5",,,,,,"21.40","103.55","0","0.0","0"
"201QB215","코스피200 C 202011 215.0",,,,,,"21.40","101.05","0","0.0","0"
"201QB217","코스피200 C 202011 217.5",,,,,,"21.40","98.55","0","0.0","0"
"201QB220","코스피200 C 202011 220.0",,,,,,"21.40","96.05","0","0.0","0"
"201QB222","코스피200 C 202011 222.5",,,,,,"21.40","93.55","0","0.0","0"
"201QB225","코스피200 C 202011 225.0",,,,,,"21.40","91.05","0","0.0","0"
"201QB227","코스피200 C 202011 227.5",,,,,,"21.40","88.55","0","0.0","0"
"201QB230","코스피200 C 202011 230.0",,,,,,"21.40","86.05","0","0.0","0"
"201QB232","코스피200 C 202011 232.5",,,,,,"21.40","83.55","0","0.0","0"
"201QB235","코스피200 C 202011 235.0",,,,,,"21.40","81.05","0","0.0","0"
"201QB237","코스피200 C 202011 237.5",,,,,,"21.40","78.60","0","0.0","0"
"201QB240","코스피200 C 202011 240.0",,,,,,"21.40","76.10","0","0.0","0"
"201QB242","코스피200 C 202011 242.5",,,,,,"21.40","73.60","0","0.0","0"
"201QB245","코스피200 C 202011 245.0",,,,,,"21.40","71.10","0","0.0","0"
"201QB247","코스피200 C 202011 247.5",,,,,,"21.40","68.60","0","0.0","0"
"201QB250","코스피200 C 202011 250.0",,,,,,"21.40","66.15","0","0.0","0"
"201QB252","코스피200 C 202011 252.5",,,,,,"21.40","63.65","0","0.0","0"
"201QB255","코스피200 C 202011 255.0",,,,,,"21.40","61.20","0","0.0","0"
"201QB257","코스피200 C 202011 257.5",,,,,,"21.40","58.70","0","0.0","0"
"201QB260","코스피200 C 202011 260.0",,,,,,"21.40","56.25","0","0.0","1100"
"201QB262","코스피200 C 202011 262.5",,,,,,"21.40","53.85","0","0.0","0"
"201QB265","코스피200 C 202011 265.0",,,,,,"21.40","51.40","0","0.0","0"
"201QB267","코스피200 C 202011 267.5",,,,,,"21.40","49.00","0","0.0","0"
"201QB270","코스피200 C 202011 270.0",,,,,,"21.40","46.65","0","0.0","1"
"201QB272","코스피200 C 202011 272.5",,,,,,"21.40","44.25","0","0.0","0"
"201QB275","코스피200 C 202011 275.0",,,,,,"21.40","41.95","0","0.0","0"
"201QB277","코스피200 C 202011 277.5",,,,,,"21.40","39.65","0","0.0","0"
"201QB280","코스피200 C 202011 280.0",,,,,,"21.40","37.35","0","0.0","0"
"201QB282","코스피200 C 202011 282.5",,,,,,"21.40","35.20","0","0.0","1"
"201QB285","코스피200 C 202011 285.0",,,,,,"21.40","33.05","0","0.0","801"
"201QB287","코스피200 C 202011 287.5",,,,,,"21.40","30.85","0","0.0","2"
"201QB290","코스피200 C 202011 290.0",,,,,,"21.40","28.90","0","0.0","0"
"201QB292","코스피200 C 202011 292.5",,,,,,"21.40","26.90","0","0.0","4"
"201QB295","코스피200 C 202011 295.0",,,,,,"21.40","24.90","0","0.0","1401"
"201QB297","코스피200 C 202011 297.5",,,,,,"21.40","23.15","0","0.0","0"
"201QB300","코스피200 C 202011 300.0",,,,,,"21.40","21.35","0","0.0","404"
"201QB302","코스피200 C 202011 302.5",,,,,,"21.40","19.60","0","0.0","7"
"201QB305","코스피200 C 202011 305.0",,,,,,"21.40","18.05","0","0.0","6"
"201QB307","코스피200 C 202011 307.5",,,,,,"21.40","16.55","0","0.0","4"
"201QB310","코스피200 C 202011 310.0",,,,,,"21.40","15.05","0","0.0","203"
"201QB312","코스피200 C 202011 312.5",,,,,,"21.40","13.65","0","0.0","3"
"201QB315","코스피200 C 202011 315.0",,,,,,"21.40","12.45","0","0.0","7"
"201QB317","코스피200 C 202011 317.5",,,,,,"21.40","11.20","0","0.0","5"
"201QB320","코스피200 C 202011 320.0",,,,,,"21.40","10.00","0","0.0","0"
"201QB322","코스피200 C 202011 322.5",,,,,,"21.40","9.06","0","0.0","0"
"201QB325","코스피200 C 202011 325.0",,,,,,"21.40","8.12","0","0.0","3"
"201QB327","코스피200 C 202011 327.5",,,,,,"21.40","7.19","0","0.0","2"
"201QB330","코스피200 C 202011 330.0","6.09","1.18","6.11","6.11","6.09","21.40","6.09","2","3.0","2102"
"201QB332","코스피200 C 202011 332.5","5.00","0.80","5.00","5.00","5.00","20.60","5.00","1","1.0","51"
"201QB335","코스피200 C 202011 335.0",,,,,,"20.73","4.69","0","0.0","57"
"201QB337","코스피200 C 202011 337.5",,,,,,"20.86","4.11","0","0.0","5"
"201QB340","코스피200 C 202011 340.0","3.68","1.37","3.10","3.83","3.10","21.00","3.68","31","28.0","62"
"201QB342","코스피200 C 202011 342.5",,,,,,"20.90","3.19","0","0.0","43"
"201QB345","코스피200 C 202011 345.0","2.74","0.74","2.70","2.96","2.50","20.80","2.74","18","12.0","384"
"201QB347","코스피200 C 202011 347.5","2.30","0.88","2.30","2.30","2.30","20.30","2.30","1","1.0","11"
"201QB350","코스피200 C 202011 350.0","1.90","0.45","1.89","1.90","1.89","20.40","1.90","11","5.0","30"
"201QB352","코스피200 C 202011 352.5","1.68","0.57","1.68","1.68","1.68","20.60","1.68","1","0.0","30"
"201QB355","코스피200 C 202011 355.0","1.45","0.45","1.27","1.53","1.27","20.70","1.45","25","9.0","65"
"201QB357","코스피200 C 202011 357.5","1.31","0.61","1.22","1.32","1.15","20.80","1.31","24","7.0","58"
"201QB360","코스피200 C 202011 360.0","1.10","0.41","1.03","1.11","0.95","20.60","1.10","138","35.0","158"
"201QB362","코스피200 C 202011 362.5","0.90","0.29","0.67","0.95","0.67","20.80","0.90","51","11.0","1617"
"201QC140","코스피200 C 202012 140.0","175.30","7.40","174.50","175.30","174.50","64.00","175.30","11","481.0","378"
"201QC142","코스피200 C 202012 142.5",,,,,,"63.33","173.70","0","0.0","0"
"201QC145","코스피200 C 202012 145.0",,,,,,"62.67","171.20","0","0.0","0"
"201QC147","코스피200 C 202012 147.5",,,,,,"62.01","168.70","0","0.0","0"
"201QC150","코스피200 C 202012 150.0",,,,,,"61.35","166.25","0","0.0","5501"
"201QC152","코스피200 C 202012 152.5",,,,,,"60.69","163.75","0","0.0","0"
"201QC155","코스피200 C 202012 155.0",,,,,,"60.03","161.30","0","0.0","40"
"201QC157","코스피200 C 202012 157.5",,,,,,"59.37","158.80","0","0.0","0"
"201QC160","코스피200 C 202012 160.0",,,,,,"58.71","156.35","0","0.0","0"
"201QC162","코스피200 C 202012 162.5",,,,,,"58.05","153.85","0","0.0","0"
"201QC165","코스피200 C 202012 165.0",,,,,,"57.39","151.40","0","0.0","0"
"201QC167","코스피200 C 202012 167.5",,,,,,"56.73","148.90","0","0.0","0"
"201QC170","코스피200 C 202012 170.0",,,,,,"56.07","146.45","0","0.0","2"
"201QC172","코스피200 C 202012 172.5",,,,,,"55.41","143.95","0","0.0","0"
"201QC175","코스피200 C 202012 175.0",,,,,,"54.75","141.50","0","0.0","1"
"201QC177","코스피200 C 202012 177.5",,,,,,"54.08","139.05","0","0.0","0"
"201QC180","코스피200 C 202012 180.0",,,,,,"53.42","136.60","0","0.0","43"
"201QC182","코스피200 C 202012 182.5",,,,,,"52.76","134.10","0","0.0","0"
"201QC185","코스피200 C 202012 185.0",,,,,,"52.10","131.65","0","0.0","0"
"201QC187","코스피200 C 202012 187.5",,,,,,"51.44","129.20","0","0.0","0"
"201QC190","코스피200 C 202012 190.0",,,,,,"50.78","126.75","0","0.0","295"
"201QC192","코스피200 C 202012 192.5",,,,,,"50.12","124.25","0","0.0","0"
"201QC195","코스피200 C 202012 195.0",,,,,,"49.46","121.80","0","0.0","9"
"201QC197","코스피200 C 202012 197.5",,,,,,"48.80","119.35","0","0.0","0"
"201QC200","코스피200 C 202012 200.0",,,,,,"48.14","116.90","0","0.0","756"
"201QC202","코스피200 C 202012 202.5",,,,,,"47.48","114.45","0","0.0","0"
"201QC205","코스피200 C 202012 205.0",,,,,,"46.82","112.00","0","0.0","0"
"201QC207","코스피200 C 202012 207.5",,,,,,"46.16","109.60","0","0.0","0"
"201QC210","코스피200 C 202012 210.0",,,,,,"45.50","107.15","0","0.0","2902"
"201QC212","코스피200 C 202012 212.5",,,,,,"44.83","104.70","0","0.0","0"
"201QC215","코스피200 C 202012 215.0",,,,,,"44.17","102.25","0","0.0","401"
"201QC217","코스피200 C 202012 217.5",,,,,,"43.51","99.80","0","0.0","0"
"201QC220","코스피200 C 202012 220.0",,,,,,"42.85","97.40","0","0.0","33"
"201QC222","코스피200 C 202012 222.5",,,,,,"42.19","94.95","0","0.0","0"
"201QC225","코스피200 C 202012 225.0",,,,,,"41.53","92.50","0","0.0","1"
"201QC227","코스피200 C 202012 227.5",,,,,,"40.87","90.10","0","0.0","0"
"201QC230","코스피200 C 202012 230.0",,,,,,"40.21","87.70","0","0.0","2699"
"201QC232","코스피200 C 202012 232.5",,,,,,"39.55","85.30","0","0.0","0"
"201QC235","코스피200 C 202012 235.0",,,,,,"38.89","82.90","0","0.0","1"
"201QC237","코스피200 C 202012 237.5",,,,,,"38.23","80.50","0","0.0","0"
"201QC240","코스피200 C 202012 240.0",,,,,,"37.57","78.10","0","0.0","3465"
"201QC242","코스피200 C 202012 242.5",,,,,,"36.91","75.65","0","0.0","0"
"201QC245","코스피200 C 202012 245.0",,,,,,"36.25","73.25","0","0.0","2401"
"201QC247","코스피200 C 202012 247.5",,,,,,"35.58","70.85","0","0.0","0"
"201QC250","코스피200 C 202012 250.0",,,,,,"34.92","68.45","0","0.0","9417"
"201QC252","코스피200 C 202012 252.5",,,,,,"34.26","66.10","0","0.0","0"
"201QC255","코스피200 C 202012 255.0",,,,,,"33.60","63.75","0","0.0","1330"
"201QC257","코스피200 C 202012 257.5",,,,,,"32.94","61.45","0","0.0","0"
"201QC260","코스피200 C 202012 260.0",,,,,,"32.28","59.10","0","0.0","8352"
"201QC262","코스피200 C 202012 262.5",,,,,,"31.62","56.75","0","0.0","0"
"201QC265","코스피200 C 202012 265.0",,,,,,"30.96","54.40","0","0.0","1213"
"201QC267","코스피200 C 202012 267.5",,,,,,"30.30","52.05","0","0.0","5"
"201QC270","코스피200 C 202012 270.0",,,,,,"29.64","49.70","0","0.0","10205"
"201QC272","코스피200 C 202012 272.5",,,,,,"28.98","47.40","0","0.0","1"
"201QC275","코스피200 C 202012 275.0",,,,,,"28.32","45.15","0","0.0","1111"
"201QC277","코스피200 C 202012 277.5",,,,,,"27.66","42.95","0","0.0","2"
"201QC280","코스피200 C 202012 280.0","39.50","3.75","41.00","41.00","39.50","27.00","39.50","4","40.0","9956"
"201QC282","코스피200 C 202012 282.5",,,,,,"26.62","38.55","0","0.0","0"
"201QC285","코스피200 C 202012 285.0",,,,,,"26.25","36.45","0","0.0","3741"
"201QC287","코스피200 C 202012 287.5",,,,,,"25.87","34.35","0","0.0","1"
"201QC290","코스피200 C 202012 290.0","31.75","3.55","32.70","32.70","31.75","25.50","31.75","3","24.0","8518"
"201QC292","코스피200 C 202012 292.5",,,,,,"25.12","30.50","0","0.0","2"
"201QC295","코스피200 C 202012 295.0",,,,,,"24.75","28.55","0","0.0","1418"
"201QC297","코스피200 C 202012 297.5",,,,,,"24.37","26.60","0","0.0","1"
"201QC300","코스피200 C 202012 300.0","24.00","2.60","25.50","25.50","24.00","24.00","24.00","4","25.0","10061"
"201QC302","코스피200 C 202012 302.5",,,,,,"23.75","23.10","0","0.0","11"
"201QC305","코스피200 C 202012 305.0",,,,,,"23.50","21.45","0","0.0","2855"
"201QC307","코스피200 C 202012 307.5",,,,,,"23.25","19.80","0","0.0","10"
"201QC310","코스피200 C 202012 310.0",,,,,,"23.00","18.15","0","0.0","14115"
"201QC312","코스피200 C 202012 312.5",,,,,,"22.75","16.75","0","0.0","7"
"201QC315","코스피200 C 202012 315.0",,,,,,"22.50","15.40","500","1969.0","2730"
"201QC317","코스피200 C 202012 317.5",,,,,,"22.25","14.00","0","0.0","6"
"201QC320","코스피200 C 202012 320.0","12.10","1.50","12.30","12.30","12.10","22.00","12.10","7","21.0","11177"
"201QC322","코스피200 C 202012 322.5",,,,,,"21.60","11.35","0","0.0","2"
"201QC325","코스피200 C 202012 325.0",,,,,,"21.20","10.20","0","0.0","1011"
"201QC327","코스피200 C 202012 327.5",,,,,,"20.80","8.99","0","0.0","6"
"201QC330","코스피200 C 202012 330.0","7.80","0.97","8.40","8.40","7.80","20.40","7.80","1207","2519.0","7450"
"201QC332","코스피200 C 202012 332.5",,,,,,"20.50","7.13","0","0.0","68"
"201QC335","코스피200 C 202012 335.0",,,,,,"20.60","6.51","0","0.0","372"
"201QC337","코스피200 C 202012 337.5",,,,,,"20.70","5.90","0","0.0","150"
"201QC340","코스피200 C 202012 340.0","5.50","1.95","5.00","5.50","4.85","20.80","5.50","6","8.0","4618"
"201QC342","코스피200 C 202012 342.5",,,,,,"20.55","4.60","0","0.0","188"
"201QC345","코스피200 C 202012 345.0","3.83","1.02","3.83","3.83","3.83","20.30","3.83","1","1.0","1474"
"201QC347","코스피200 C 202012 347.5",,,,,,"20.35","3.58","0","0.0","64"
"201QC350","코스피200 C 202012 350.0","3.20","0.80","3.30","3.30","3.20","20.40","3.20","1008","806.0","17750"
"201QC352","코스피200 C 202012 352.5",,,,,,"20.35","2.76","0","0.0","13"
"201QC355","코스피200 C 202012 355.0",,,,,,"20.30","2.45","0","0.0","483"
"201QC357","코스피200 C 202012 357.5",,,,,,"20.25","2.13","0","0.0","20"
"201QC360","코스피200 C 202012 360.0","1.89","0.51","1.81","1.90","1.70","20.20","1.89","15","7.0","4220"
"201QC362","코스피200 C 202012 362.5",,,,,,"20.15","1.56","0","0.0","2"
"201QC365","코스피200 C 202012 365.0","1.44","0.49","1.28","1.44","1.28","20.10","1.44","2","1.0","465"
"201QC367","코스피200 C 202012 367.5","1.10","0.35","1.10","1.10","1.10","20.10","1.10","1","0.0","60"
"201QC370","코스피200 C 202012 370.0","1.07","0.42","0.96","1.11","0.96","20.20","1.07","13","3.0","2565"
"201QC372","코스피200 C 202012 372.5",,,,,,"20.10","0.86","0","0.0","39"
"201QC375","코스피200 C 202012 375.0","0.72","0.24","0.72","0.72","0.72","20.00","0.72","1","0.0","424"
"201QC377","코스피200 C 202012 377.5","0.72","0.24","0.72","0.72","0.72","20.20","0.72","1","0.0","64"
"201QC380","코스피200 C 202012 380.0","0.58","0.23","0.55","0.58","0.51","20.10","0.58","11","2.0","956"
"201QC382","코스피200 C 202012 382.5",,,,,,"20.10","0.46","0","0.0","320"
"201QC385","코스피200 C 202012 385.0",,,,,,"20.10","0.40","0","0.0","175"
"201QC387","코스피200 C 202012 387.5",,,,,,"20.10","0.35","0","0.0","24"
"201QC390","코스피200 C 202012 390.0","0.32","0.09","0.32","0.32","0.32","20.10","0.32","1","0.0","4225"
"201QC392","코스피200 C 202012 392.5",,,,,,"20.25","0.26","0","0.0","146"
"201QC395","코스피200 C 202012 395.0","0.24","0.08","0.24","0.24","0.24","20.40","0.24","1","0.0","173"
"201QC397","코스피200 C 202012 397.5","0.23","0.07","0.23","0.23","0.23","20.80","0.23","1","0.0","118"
"201QC400","코스피200 C 202012 400.0","0.20","0.05","0.16","0.21","0.16","20.90","0.20","281","13.0","12608"
"201R1245","코스피200 C 202101 245.0",,,,,,"19.60","67.65","0","0.0","0"
"201R1247","코스피200 C 202101 247.5",,,,,,"19.60","65.20","0","0.0","0"
"201R1250","코스피200 C 202101 250.0",,,,,,"19.60","62.75","0","0.0","0"
"201R1252","코스피200 C 202101 252.5",,,,,,"19.60","60.40","0","0.0","0"
"201R1255","코스피200 C 202101 255.0",,,,,,"19.60","58.00","0","0.0","0"
"201R1257","코스피200 C 202101 257.5",,,,,,"19.60","55.65","0","0.0","0"
"201R1260","코스피200 C 202101 260.0",,,,,,"19.60","53.30","0","0.0","0"
"201R1262","코스피200 C 202101 262.5",,,,,,"19.60","51.00","0","0.0","0"
"201R1265","코스피200 C 202101 265.0",,,,,,"19.60","48.70","0","0.0","0"
"201R1267","코스피200 C 202101 267.5",,,,,,"19.60","46.40","0","0.0","0"
"201R1270","코스피200 C 202101 270.0",,,,,,"19.60","44.25","0","0.0","1"
"201R1272","코스피200 C 202101 272.5",,,,,,"19.60","42.10","0","0.0","0"
"201R1275","코스피200 C 202101 275.0",,,,,,"19.60","39.95","0","0.0","0"
"201R1277","코스피200 C 202101 277.5",,,,,,"19.60","37.80","0","0.0","0"
"201R1280","코스피200 C 202101 280.0",,,,,,"19.60","35.85","0","0.0","2"
"201R1282","코스피200 C 202101 282.5",,,,,,"19.60","33.85","0","0.0","6"
"201R1285","코스피200 C 202101 285.0",,,,,,"19.60","31.85","0","0.0","0"
"201R1287","코스피200 C 202101 287.5",,,,,,"19.60","30.00","0","0.0","0"
"201R1290","코스피200 C 202101 290.0",,,,,,"19.60","28.25","0","0.0","1"
"201R1292","코스피200 C 202101 292.5",,,,,,"19.60","26.45","0","0.0","1"
"201R1295","코스피200 C 202101 295.0",,,,,,"19.60","24.70","0","0.0","3"
"201R1297","코스피200 C 202101 297.5",,,,,,"19.60","23.10","0","0.0","0"
"201R1300","코스피200 C 202101 300.0",,,,,,"19.60","21.60","0","0.0","0"
"201R1302","코스피200 C 202101 302.5",,,,,,"19.60","20.10","0","0.0","0"
"201R1305","코스피200 C 202101 305.0",,,,,,"19.60","18.60","0","0.0","0"
"201R1307","코스피200 C 202101 307.5",,,,,,"19.60","17.25","0","0.0","0"
"201R1310","코스피200 C 202101 310.0",,,,,,"19.60","16.00","0","0.0","0"
"201R1312","코스피200 C 202101 312.5",,,,,,"19.60","14.80","0","0.0","0"
"201R1315","코스피200 C 202101 315.0",,,,,,"19.60","13.60","0","0.0","0"
"201R1317","코스피200 C 202101 317.5",,,,,,"19.60","12.45","0","0.0","0"
"201R1320","코스피200 C 202101 320.0",,,,,,"19.60","11.50","0","0.0","0"
"201R1322","코스피200 C 202101 322.5",,,,,,"19.60","10.60","0","0.0","0"
"201R1325","코스피200 C 202101 325.0",,,,,,"19.60","9.65","0","0.0","0"
"201R1327","코스피200 C 202101 327.5",,,,,,"19.60","8.72","0","0.0","6"
"201R1330","코스피200 C 202101 330.0",,,,,,"19.60","7.99","0","0.0","3"
"201R1332","코스피200 C 202101 332.5",,,,,,"19.60","7.31","0","0.0","16"
"201R1335","코스피200 C 202101 335.0",,,,,,"19.60","6.64","0","0.0","0"
"201R1337","코스피200 C 202101 337.5",,,,,,"19.60","5.96","0","0.0","0"
"201R1340","코스피200 C 202101 340.0",,,,,,"19.60","5.34","0","0.0","0"
"201R1342","코스피200 C 202101 342.5",,,,,,"19.60","4.88","0","0.0","2"
"201R1345","코스피200 C 202101 345.0",,,,,,"19.60","4.42","0","0.0","1"
"201R1347","코스피200 C 202101 347.5",,,,,,"19.60","3.96","0","0.0","2"
"201R1350","코스피200 C 202101 350.0",,,,,,"19.60","3.50","0","0.0","0"
"201R1352","코스피200 C 202101 352.5",,,,,,"19.60","3.13","0","0.0","1"
"201R1355","코스피200 C 202101 355.0",,,,,,"19.60","2.84","0","0.0","0"
"201R1357","코스피200 C 202101 357.5",,,,,,"19.60","2.54","0","0.0","0"
"201R1360","코스피200 C 202101 360.0",,,,,,"19.60","2.25","0","0.0","2"
"201R1362","코스피200 C 202101 362.5","2.10","-8.00","2.03","2.10","1.97","19.60","2.10","50","25.0","110"
"201R2262","코스피200 C 202102 262.5",,,,,,"20.22","51.75","0","0.0","0"
"201R2265","코스피200 C 202102 265.0",,,,,,"20.22","49.60","0","0.0","0"
"201R2267","코스피200 C 202102 267.5",,,,,,"20.22","47.40","0","0.0","0"
"201R2270","코스피200 C 202102 270.0",,,,,,"20.22","45.25","0","0.0","0"
"201R2272","코스피200 C 202102 272.5",,,,,,"20.22","43.10","0","0.0","0"
"201R2275","코스피200 C 202102 275.0",,,,,,"20.22","41.10","0","0.0","0"
"201R2277","코스피200 C 202102 277.5",,,,,,"20.22","39.15","0","0.0","0"
"201R2280","코스피200 C 202102 280.0",,,,,,"20.22","37.20","0","0.0","0"
"201R2282","코스피200 C 202102 282.5",,,,,,"20.22","35.20","0","0.0","0"
"201R2285","코스피200 C 202102 285.0",,,,,,"20.22","33.40","0","0.0","0"
"201R2287","코스피200 C 202102 287.5",,,,,,"20.22","31.65","0","0.0","0"
"201R2290","코스피200 C 202102 290.0",,,,,,"20.22","29.90","0","0.0","0"
"201R2292","코스피200 C 202102 292.5",,,,,,"20.22","28.15","0","0.0","0"
"201R2295","코스피200 C 202102 295.0",,,,,,"20.22","26.45","0","0.0","0"
"201R2297","코스피200 C 202102 297.5",,,,,,"20.22","25.00","0","0.0","0"
"201R2300","코스피200 C 202102 300.0",,,,,,"20.22","23.50","0","0.0","0"
"201R2302","코스피200 C 202102 302.5",,,,,,"20.22","22.00","0","0.0","0"
"201R2305","코스피200 C 202102 305.0",,,,,,"20.22","20.55","0","0.0","0"
"201R2307","코스피200 C 202102 307.5",,,,,,"20.22","19.20","0","0.0","0"
"201R2310","코스피200 C 202102 310.0",,,,,,"20.22","18.00","0","0.0","0"
"201R2312","코스피200 C 202102 312.5",,,,,,"20.22","16.80","0","0.0","0"
"201R2315","코스피200 C 202102 315.0",,,,,,"20.22","15.60","0","0.0","0"
"201R2317","코스피200 C 202102 317.5",,,,,,"20.22","14.40","0","0.0","0"
"201R2320","코스피200 C 202102 320.0",,,,,,"20.22","13.45","0","0.0","0"
"201R2322","코스피200 C 202102 322.5",,,,,,"20.13","12.45","0","0.0","0"
"201R2325","코스피200 C 202102 325.0",,,,,,"20.03","11.45","0","0.0","0"
"201R2327","코스피200 C 202102 327.5",,,,,,"19.93","10.45","0","0.0","0"
"201R2330","코스피200 C 202102 330.0",,,,,,"19.84","9.47","0","0.0","0"
"201R2332","코스피200 C 202102 332.5",,,,,,"19.79","8.76","0","0.0","0"
"201R2335","코스피200 C 202102 335.0",,,,,,"19.75","8.06","0","0.0","0"
"201R2337","코스피200 C 202102 337.5",,,,,,"19.72","7.37","0","0.0","0"
"201R2340","코스피200 C 202102 340.0",,,,,,"19.67","6.66","0","0.0","0"
"201R2342","코스피200 C 202102 342.5",,,,,,"19.63","5.98","0","0.0","0"
"201R2345","코스피200 C 202102 345.0",,,,,,"19.60","5.51","0","0.0","0"
"201R2347","코스피200 C 202102 347.5",,,,,,"19.55","5.02","0","0.0","0"
"201R2350","코스피200 C 202102 350.0",,,,,,"19.51","4.53","0","0.0","0"
"201R2352","코스피200 C 202102 352.5",,,,,,"19.47","4.05","0","0.0","0"
"201R2355","코스피200 C 202102 355.0",,,,,,"19.43","3.59","0","0.0","0"
"201R2357","코스피200 C 202102 357.5",,,,,,"19.39","3.28","0","0.0","0"
"201R2360","코스피200 C 202102 360.0",,,,,,"19.35","2.96","0","0.0","0"
"201R2362","코스피200 C 202102 362.5",,,,,,"19.36","2.68","0","0.0","0"
"201R3140","코스피200 C 202103 140.0",,,,,,"20.90","172.30","0","0.0","3"
"201R3145","코스피200 C 202103 145.0",,,,,,"20.90","167.30","0","0.0","0"
"201R3150","코스피200 C 202103 150.0",,,,,,"20.90","162.35","0","0.0","0"
"201R3155","코스피200 C 202103 155.0",,,,,,"20.90","157.35","0","0.0","1"
"201R3160","코스피200 C 202103 160.0",,,,,,"20.90","152.35","0","0.0","1"
"201R3165","코스피200 C 202103 165.0",,,,,,"20.90","147.40","0","0.0","0"
"201R3170","코스피200 C 202103 170.0",,,,,,"20.90","142.40","0","0.0","0"
"201R3175","코스피200 C 202103 175.0",,,,,,"20.90","137.40","0","0.0","0"
"201R3180","코스피200 C 202103 180.0",,,,,,"20.90","132.45","0","0.0","0"
"201R3185","코스피200 C 202103 185.0",,,,,,"20.90","127.45","0","0.0","0"
"201R3190","코스피200 C 202103 190.0",,,,,,"20.90","122.45","0","0.0","0"
"201R3195","코스피200 C 202103 195.0",,,,,,"20.90","117.50","0","0.0","0"
"201R3200","코스피200 C 202103 200.0",,,,,,"20.90","112.50","0","0.0","0"
"201R3205","코스피200 C 202103 205.0",,,,,,"20.90","107.55","0","0.0","0"
"201R3210","코스피200 C 202103 210.0",,,,,,"20.90","102.55","0","0.0","7"
"201R3215","코스피200 C 202103 215.0",,,,,,"20.90","97.60","0","0.0","0"
"201R3220","코스피200 C 202103 220.0",,,,,,"20.90","92.70","0","0.0","0"
"201R3225","코스피200 C 202103 225.0",,,,,,"20.90","87.75","0","0.0","0"
"201R3230","코스피200 C 202103 230.0",,,,,,"20.90","82.90","0","0.0","0"
"201R3235","코스피200 C 202103 235.0",,,,,,"20.90","78.05","0","0.0","0"
"201R3240","코스피200 C 202103 240.0",,,,,,"20.90","73.25","0","0.0","0"
"201R3245","코스피200 C 202103 245.0",,,,,,"20.90","68.50","0","0.0","0"
"201R3250","코스피200 C 202103 250.0",,,,,,"20.90","63.90","0","0.0","0"
"201R3255","코스피200 C 202103 255.0",,,,,,"20.90","59.35","0","0.0","0"
"201R3260","코스피200 C 202103 260.0",,,,,,"20.90","54.95","0","0.0","0"
"201R3265","코스피200 C 202103 265.0",,,,,,"20.90","50.65","0","0.0","0"
"201R3270","코스피200 C 202103 270.0",,,,,,"20.90","46.50","0","0.0","0"
"201R3275","코스피200 C 202103 275.0",,,,,,"20.90","42.55","0","0.0","0"
"201R3280","코스피200 C 202103 280.0",,,,,,"20.90","38.60","0","0.0","213"
"201R3285","코스피200 C 202103 285.0",,,,,,"20.90","35.15","0","0.0","844"
"201R3290","코스피200 C 202103 290.0",,,,,,"20.90","31.65","0","0.0","0"
"201R3295","코스피200 C 202103 295.0",,,,,,"20.90","28.45","0","0.0","4301"
"201R3300","코스피200 C 202103 300.0",,,,,,"20.90","25.50","0","0.0","2"
"201R3305","코스피200 C 202103 305.0",,,,,,"20.90","22.55","0","0.0","2003"
"201R3310","코스피200 C 202103 310.0",,,,,,"20.90","20.15","0","0.0","576"
"201R3315","코스피200 C 202103 315.0",,,,,,"20.90","17.75","0","0.0","155"
"201R3320","코스피200 C 202103 320.0","15.25","-36.10","15.25","15.25","15.25","20.90","15.25","1","4.0","507"
"201R3325","코스피200 C 202103 325.0",,,,,,"20.50","13.35","0","0.0","2402"
"201R3330","코스피200 C 202103 330.0","11.00","-36.50","11.00","11.00","11.00","20.10","11.00","1","3.0","15"
"201R3335","코스피200 C 202103 335.0",,,,,,"19.93","9.51","0","0.0","0"
"201R3340","코스피200 C 202103 340.0",,,,,,"19.76","8.04","0","0.0","2601"
"201R3345","코스피200 C 202103 345.0",,,,,,"19.60","6.58","0","0.0","800"
"201R3350","코스피200 C 202103 350.0",,,,,,"19.43","5.56","0","0.0","15"
"201R3355","코스피200 C 202103 355.0",,,,,,"19.26","4.53","0","0.0","8"
"201R3360","코스피200 C 202103 360.0","3.47","-34.93","3.47","3.47","3.47","19.10","3.47","1","1.0","33"
"201R3365","코스피200 C 202103 365.0",,,,,,"19.14","3.09","0","0.0","10"
"201R3370","코스피200 C 202103 370.0",,,,,,"19.18","2.52","0","0.0","13"
"201R3375","코스피200 C 202103 375.0",,,,,,"19.22","2.08","0","0.0","0"
"201R3380","코스피200 C 202103 380.0",,,,,,"19.26","1.74","0","0.0","0"
"201R3385","코스피200 C 202103 385.0","1.31","-30.49","1.31","1.31","1.31","19.30","1.31","1","0.0","184"
"201R6140","코스피200 C 202106 140.0",,,,,,"19.40","171.90","0","0.0","1"
"201R6145","코스피200 C 202106 145.0",,,,,,"19.40","166.95","0","0.0","0"
"201R6150","코스피200 C 202106 150.0",,,,,,"19.40","161.95","0","0.0","1"
"201R6155","코스피200 C 202106 155.0",,,,,,"19.40","157.00","0","0.0","0"
"201R6160","코스피200 C 202106 160.0",,,,,,"19.40","152.00","0","0.0","0"
"201R6165","코스피200 C 202106 165.0",,,,,,"19.40","147.05","0","0.0","0"
"201R6170","코스피200 C 202106 170.0",,,,,,"19.40","142.05","0","0.0","0"
"201R6175","코스피200 C 202106 175.0",,,,,,"19.40","137.10","0","0.0","0"
"201R6180","코스피200 C 202106 180.0",,,,,,"19.40","132.10","0","0.0","0"
"201R6185","코스피200 C 202106 185.0",,,,,,"19.40","127.15","0","0.0","0"
"201R6190","코스피200 C 202106 190.0",,,,,,"19.40","122.15","0","0.0","0"
"201R6195","코스피200 C 202106 195.0",,,,,,"19.40","117.20","0","0.0","0"
"201R6200","코스피200 C 202106 200.0",,,,,,"19.40","112.25","0","0.0","0"
"201R6205","코스피200 C 202106 205.0",,,,,,"19.40","107.30","0","0.0","0"
"201R6210","코스피200 C 202106 210.0",,,,,,"19.40","102.40","0","0.0","0"
"201R6215","코스피200 C 202106 215.0",,,,,,"19.40","97.45","0","0.0","0"
"201R6220","코스피200 C 202106 220.0",,,,,,"19.40","92.60","0","0.0","0"
"201R6225","코스피200 C 202106 225.0",,,,,,"19.40","87.75","0","0.0","0"
"201R6230","코스피200 C 202106 230.0",,,,,,"19.40","82.95","0","0.0","3800"
"201R6235","코스피200 C 202106 235.0",,,,,,"19.40","78.25","0","0.0","0"
"201R6240","코스피200 C 202106 240.0",,,,,,"19.40","73.55","0","0.0","1300"
"201R6245","코스피200 C 202106 245.0",,,,,,"19.40","69.00","0","0.0","0"
"201R6250","코스피200 C 202106 250.0",,,,,,"19.40","64.45","0","0.0","4503"
"201R6255","코스피200 C 202106 255.0",,,,,,"19.40","60.15","0","0.0","0"
"201R6260","코스피200 C 202106 260.0",,,,,,"19.40","55.85","0","0.0","6301"
"201R6265","코스피200 C 202106 265.0",,,,,,"19.40","51.75","0","0.0","0"
"201R6270","코스피200 C 202106 270.0",,,,,,"19.40","47.85","0","0.0","2849"
"201R6275","코스피200 C 202106 275.0",,,,,,"19.40","43.90","0","0.0","0"
"201R6280","코스피200 C 202106 280.0",,,,,,"19.40","40.40","0","0.0","3000"
"201R6285","코스피200 C 202106 285.0",,,,,,"19.40","36.90","0","0.0","0"
"201R6290","코스피200 C 202106 290.0",,,,,,"19.40","33.50","0","0.0","4164"
"201R6295","코스피200 C 202106 295.0",,,,,,"19.40","30.60","0","0.0","0"
"201R6300","코스피200 C 202106 300.0",,,,,,"19.40","27.65","0","0.0","4199"
"201R6305","코스피200 C 202106 305.0",,,,,,"19.40","24.85","0","0.0","0"
"201R6310","코스피200 C 202106 310.0",,,,,,"19.40","22.45","0","0.0","10358"
"201R6315","코스피200 C 202106 315.0",,,,,,"19.40","20.10","0","0.0","500"
"201R6320","코스피200 C 202106 320.0",,,,,,"19.40","17.85","0","0.0","2186"
"201R6325","코스피200 C 202106 325.0",,,,,,"19.40","16.00","0","0.0","0"
"201R6330","코스피200 C 202106 330.0",,,,,,"19.40","14.20","0","0.0","5882"
"201R6335","코스피200 C 202106 335.0",,,,,,"19.40","12.40","0","0.0","15"
"201R6340","코스피200 C 202106 340.0",,,,,,"19.40","11.10","0","0.0","4464"
"201R6345","코스피200 C 202106 345.0",,,,,,"19.40","9.77","0","0.0","0"
"201R6350","코스피200 C 202106 350.0","8.20","1.46","8.10","8.30","8.10","19.40","8.20","5","10.0","5999"
"201R6355","코스피200 C 202106 355.0",,,,,,"19.31","7.36","0","0.0","0"
"201R6360","코스피200 C 202106 360.0",,,,,,"19.22","6.38","0","0.0","978"
"201R6365","코스피200 C 202106 365.0",,,,,,"19.14","5.42","0","0.0","10"
"201R6370","코스피200 C 202106 370.0",,,,,,"19.05","4.59","0","0.0","248"
"201R6375","코스피200 C 202106 375.0",,,,,,"18.97","3.96","0","0.0","3"
"201R6380","코스피200 C 202106 380.0",,,,,,"18.88","3.33","0","0.0","12"
"201R6385","코스피200 C 202106 385.0","2.79","0.55","2.57","2.79","2.57","18.80","2.79","2","1.0","20"
"201RC140","코스피200 C 202112 140.0",,,,,,"19.50","171.05","0","0.0","6"
"201RC150","코스피200 C 202112 150.0",,,,,,"19.50","161.10","0","0.0","0"
"201RC160","코스피200 C 202112 160.0",,,,,,"19.50","151.20","0","0.0","0"
"201RC170","코스피200 C 202112 170.0",,,,,,"19.50","141.30","0","0.0","0"
"201RC180","코스피200 C 202112 180.0",,,,,,"19.50","131.45","0","0.0","1"
"201RC190","코스피200 C 202112 190.0",,,,,,"19.50","121.65","0","0.0","1261"
"201RC200","코스피200 C 202112 200.0",,,,,,"19.50","111.95","0","0.0","1129"
"201RC210","코스피200 C 202112 210.0",,,,,,"19.50","102.35","0","0.0","610"
"201RC220","코스피200 C 202112 220.0",,,,,,"19.50","92.95","0","0.0","1807"
"201RC230","코스피200 C 202112 230.0",,,,,,"19.50","83.90","0","0.0","3404"
"201RC240","코스피200 C 202112 240.0",,,,,,"19.50","75.20","0","0.0","10406"
"201RC250","코스피200 C 202112 250.0",,,,,,"19.50","66.75","0","0.0","6294"
"201RC260","코스피200 C 202112 260.0",,,,,,"19.50","59.00","0","0.0","4754"
"201RC270","코스피200 C 202112 270.0",,,,,,"19.50","51.70","0","0.0","4605"
"201RC280","코스피200 C 202112 280.0",,,,,,"19.50","44.85","0","0.0","3395"
"201RC290","코스피200 C 202112 290.0",,,,,,"19.50","38.80","0","0.0","2244"
"201RC300","코스피200 C 202112 300.0",,,,,,"19.50","33.00","0","0.0","5538"
"201RC310","코스피200 C 202112 310.0",,,,,,"19.50","28.30","0","0.0","9205"
"201RC320","코스피200 C 202112 320.0",,,,,,"19.50","23.65","0","0.0","6175"
"201RC330","코스피200 C 202112 330.0","20.10","3.80","20.10","20.10","20.10","19.50","20.10","1","5.0","1737"
"201RC340","코스피200 C 202112 340.0","16.60","3.25","16.60","16.60","16.60","19.50","16.60","1","4.0","2749"
"201RC350","코스피200 C 202112 350.0",,,,,,"19.20","13.50","0","0.0","1934"
"201RC360","코스피200 C 202112 360.0","10.50","1.80","9.50","10.50","9.50","18.90","10.50","204","471.0","654"
"201RC370","코스피200 C 202112 370.0",,,,,,"18.65","8.46","0","0.0","1980"
"201RC380","코스피200 C 202112 380.0","6.51","0.81","6.30","6.66","6.26","18.40","6.51","15","25.0","919"
"201S6210","코스피200 C 202206 210.0",,,,,,"25.21","102.95","0","0.0","0"
"201S6220","코스피200 C 202206 220.0",,,,,,"24.85","94.40","0","0.0","0"
"201S6230","코스피200 C 202206 230.0",,,,,,"24.48","86.45","0","0.0","0"
"201S6240","코스피200 C 202206 240.0",,,,,,"24.12","78.55","0","0.0","0"
"201S6250","코스피200 C 202206 250.0",,,,,,"23.76","71.20","0","0.0","0"
"201S6260","코스피200 C 202206 260.0",,,,,,"23.40","64.10","0","0.0","0"
"201S6270","코스피200 C 202206 270.0",,,,,,"23.03","57.20","0","0.0","0"
"201S6280","코스피200 C 202206 280.0",,,,,,"22.67","51.05","0","0.0","0"
"201S6290","코스피200 C 202206 290.0",,,,,,"22.31","44.90","0","0.0","0"
"201S6300","코스피200 C 202206 300.0",,,,,,"21.95","39.55","0","0.0","1500"
"201S6310","코스피200 C 202206 310.0",,,,,,"21.58","34.40","0","0.0","0"
"201S6320","코스피200 C 202206 320.0",,,,,,"21.22","29.50","0","0.0","0"
"201S6330","코스피200 C 202206 330.0",,,,,,"20.86","25.50","0","0.0","1"
"201S6340","코스피200 C 202206 340.0",,,,,,"20.50","21.40","0","0.0","0"
"201S6350","코스피200 C 202206 350.0",,,,,,"19.98","17.85","0","0.0","1"
"201S6360","코스피200 C 202206 360.0",,,,,,"19.47","14.55","0","0.0","0"
"201S6370","코스피200 C 202206 370.0",,,,,,"18.98","11.60","0","0.0","0"
"201S6380","코스피200 C 202206 380.0",,,,,,"18.50","9.29","0","0.0","3"
"201SC140","코스피200 C 202212 140.0","170.80","7.40","169.90","170.80","169.90","36.00","170.80","25","1065.0","124"
"201SC150","코스피200 C 202212 150.0",,,,,,"35.27","160.60","0","0.0","0"
"201SC160","코스피200 C 202212 160.0",,,,,,"34.55","151.80","0","0.0","0"
"201SC170","코스피200 C 202212 170.0",,,,,,"33.82","143.25","0","0.0","350"
"201SC180","코스피200 C 202212 180.0",,,,,,"33.09","134.70","0","0.0","0"
"201SC190","코스피200 C 202212 190.0",,,,,,"32.37","126.30","0","0.0","0"
"201SC200","코스피200 C 202212 200.0",,,,,,"31.65","118.35","0","0.0","1"
"201SC210","코스피200 C 202212 210.0",,,,,,"30.92","110.30","0","0.0","0"
"201SC220","코스피200 C 202212 220.0",,,,,,"30.20","102.25","0","0.0","208"
"201SC230","코스피200 C 202212 230.0",,,,,,"29.47","94.95","0","0.0","5"
"201SC240","코스피200 C 202212 240.0",,,,,,"28.75","87.60","0","0.0","975"
"201SC250","코스피200 C 202212 250.0",,,,,,"28.02","80.20","0","0.0","1304"
"201SC260","코스피200 C 202212 260.0",,,,,,"27.30","73.30","0","0.0","1505"
"201SC270","코스피200 C 202212 270.0",,,,,,"26.57","66.80","0","0.0","13"
"201SC280","코스피200 C 202212 280.0",,,,,,"25.84","60.20","0","0.0","1055"
"201SC290","코스피200 C 202212 290.0",,,,,,"25.12","53.75","0","0.0","1"
"201SC300","코스피200 C 202212 300.0",,,,,,"24.40","48.15","0","0.0","7"
"201SC310","코스피200 C 202212 310.0",,,,,,"23.67","42.50","0","0.0","4"
"201SC320","코스피200 C 202212 320.0",,,,,,"22.95","36.80","0","0.0","12"
"201SC330","코스피200 C 202212 330.0",,,,,,"22.22","32.15","0","0.0","10"
"201SC340","코스피200 C 202212 340.0",,,,,,"21.50","27.45","0","0.0","102"
"201SC350","코스피200 C 202212 350.0",,,,,,"20.77","22.95","0","0.0","31"
"201SC360","코스피200 C 202212 360.0",,,,,,"20.05","19.25","0","0.0","63"
"201SC370","코스피200 C 202212 370.0",,,,,,"19.32","15.55","0","0.0","729"
"201SC380","코스피200 C 202212 380.0","12.65","1.85","12.50","12.65","12.50","18.60","12.65","25","79.0","86"
"301Q9160","코스피200 P 202009 160.0",,,,,,"123.00","0.01","0","0.0","34781"
"301Q9162","코스피200 P 202009 162.5",,,,,,"123.00","0.01","0","0.0","13261"
"301Q9165","코스피200 P 202009 165.0",,,,,,"123.00","0.01","0","0.0","6811"
"301Q9167","코스피200 P 202009 167.5",,,,,,"123.00","0.01","18","0.0","6948"
"301Q9170","코스피200 P 202009 170.0",,,,,,"123.00","0.01","0","0.0","4413"
"301Q9172","코스피200 P 202009 172.5",,,,,,"123.00","0.01","0","0.0","5204"
"301Q9175","코스피200 P 202009 175.0",,,,,,"123.00","0.01","0","0.0","5652"
"301Q9177","코스피200 P 202009 177.5",,,,,,"123.00","0.01","0","0.0","7652"
"301Q9180","코스피200 P 202009 180.0","0.01","0.00","0.01","0.01","0.01","123.00","0.01","3","0.0","12280"
"301Q9182","코스피200 P 202009 182.5",,,,,,"119.94","0.01","0","0.0","5798"
"301Q9185","코스피200 P 202009 185.0","0.01","0.00","0.01","0.01","0.01","116.90","0.01","2","0.0","15647"
"301Q9187","코스피200 P 202009 187.5",,,,,,"114.37","0.01","0","0.0","14851"
"301Q9190","코스피200 P 202009 190.0",,,,,,"111.86","0.01","0","0.0","13536"
"301Q9192","코스피200 P 202009 192.5",,,,,,"109.33","0.01","0","0.0","9710"
"301Q9195","코스피200 P 202009 195.0",,,,,,"106.82","0.01","0","0.0","5916"
"301Q9197","코스피200 P 202009 197.5","0.01","0.00","0.01","0.01","0.01","104.30","0.01","56","0.0","4309"
"301Q9200","코스피200 P 202009 200.0","0.01","0.00","0.01","0.01","0.01","101.90","0.01","8","0.0","6427"
"301Q9202","코스피200 P 202009 202.5","0.01","0.00","0.01","0.01","0.01","99.50","0.01","55","0.0","4007"
"301Q9205","코스피200 P 202009 205.0",,,,,,"97.00","0.01","0","0.0","8150"
"301Q9207","코스피200 P 202009 207.5",,,,,,"94.50","0.01","0","0.0","5460"
"301Q9210","코스피200 P 202009 210.0","0.01","0.00","0.01","0.01","0.01","92.00","0.01","8","0.0","9759"
"301Q9212","코스피200 P 202009 212.5",,,,,,"89.70","0.01","0","0.0","7576"
"301Q9215","코스피200 P 202009 215.0","0.01","0.00","0.01","0.01","0.01","87.40","0.01","110","0.0","10766"
"301Q9217","코스피200 P 202009 217.5",,,,,,"84.75","0.01","0","0.0","15390"
"301Q9220","코스피200 P 202009 220.0","0.01","0.00","0.01","0.01","0.01","82.10","0.01","1008","3.0","29838"
"301Q9222","코스피200 P 202009 222.5",,,,,,"79.76","0.01","0","0.0","31422"
"301Q9225","코스피200 P 202009 225.0",,,,,,"77.43","0.01","0","0.0","17175"
"301Q9227","코스피200 P 202009 227.5","0.01","0.00","0.01","0.01","0.01","75.10","0.01","1","0.0","13131"
"301Q9230","코스피200 P 202009 230.0","0.01","0.00","0.01","0.01","0.01","72.40","0.01","8","0.0","11541"
"301Q9232","코스피200 P 202009 232.5","0.01","0.00","0.01","0.01","0.01","70.50","0.01","5","0.0","6851"
"301Q9235","코스피200 P 202009 235.0","0.01","0.00","0.01","0.01","0.01","68.30","0.01","95","0.0","11054"
"301Q9237","코스피200 P 202009 237.5","0.01","0.00","0.01","0.01","0.01","65.70","0.01","133","0.0","7443"
"301Q9240","코스피200 P 202009 240.0","0.01","0.00","0.01","0.01","0.01","63.30","0.01","1535","4.0","19145"
"301Q9242","코스피200 P 202009 242.5","0.01","0.00","0.01","0.01","0.01","61.10","0.01","4155","10.0","10165"
"301Q9245","코스피200 P 202009 245.0","0.01","0.00","0.01","0.01","0.01","58.70","0.01","2769","7.0","10961"
"301Q9247","코스피200 P 202009 247.5","0.01","0.00","0.01","0.01","0.01","56.70","0.01","656","2.0","9522"
"301Q9250","코스피200 P 202009 250.0","0.01","-0.01","0.01","0.02","0.01","54.40","0.01","768","3.0","24945"
"301Q9252","코스피200 P 202009 252.5","0.01","-0.01","0.01","0.02","0.01","52.30","0.01","3273","10.0","10067"
"301Q9255","코스피200 P 202009 255.0","0.02","-0.01","0.02","0.03","0.01","53.90","0.02","6722","34.0","12808"
"301Q9257","코스피200 P 202009 257.5","0.02","-0.01","0.02","0.03","0.02","51.60","0.02","2138","11.0","10084"
"301Q9260","코스피200 P 202009 260.0","0.02","-0.02","0.03","0.03","0.02","49.30","0.02","3142","22.0","23786"
"301Q9262","코스피200 P 202009 262.5","0.03","-0.01","0.03","0.04","0.03","48.80","0.03","8813","66.0","11276"
"301Q9265","코스피200 P 202009 265.0","0.04","-0.01","0.04","0.04","0.03","48.30","0.04","13075","131.0","13455"
"301Q9267","코스피200 P 202009 267.5","0.04","-0.02","0.04","0.05","0.03","46.10","0.04","15351","159.0","11195"
"301Q9270","코스피200 P 202009 270.0","0.05","-0.03","0.05","0.06","0.04","44.80","0.05","15947","206.0","17559"
"301Q9272","코스피200 P 202009 272.5","0.06","-0.04","0.05","0.07","0.05","43.30","0.06","18425","275.0","14773"
"301Q9275","코스피200 P 202009 275.0","0.07","-0.05","0.07","0.09","0.06","41.80","0.07","17338","317.0","17001"
"301Q9277","코스피200 P 202009 277.5","0.09","-0.07","0.10","0.10","0.07","41.10","0.09","16659","368.0","11609"
"301Q9280","코스피200 P 202009 280.0","0.11","-0.09","0.13","0.13","0.09","39.50","0.11","25803","710.0","21730"
"301Q9282","코스피200 P 202009 282.5","0.14","-0.11","0.16","0.16","0.11","38.30","0.14","36624","1218.0","19786"
"301Q9285","코스피200 P 202009 285.0","0.16","-0.15","0.21","0.21","0.13","36.60","0.16","42730","1778.0","20859"
"301Q9287","코스피200 P 202009 287.5","0.19","-0.20","0.25","0.25","0.17","35.20","0.19","36201","1838.0","12389"
"301Q9290","코스피200 P 202009 290.0","0.23","-0.27","0.32","0.32","0.21","33.40","0.23","66803","4256.0","22795"
"301Q9292","코스피200 P 202009 292.5","0.29","-0.34","0.41","0.41","0.25","32.10","0.29","89314","6874.0","14373"
"301Q9295","코스피200 P 202009 295.0","0.37","-0.42","0.51","0.53","0.32","30.90","0.37","101083","10102.0","28172"
"301Q9297","코스피200 P 202009 297.5","0.47","-0.55","0.64","0.69","0.41","29.40","0.47","74456","9393.0","17070"
"301Q9300","코스피200 P 202009 300.0","0.61","-0.69","0.88","0.90","0.53","28.40","0.61","85081","13900.0","25119"
"301Q9302","코스피200 P 202009 302.5","0.81","-0.89","1.10","1.18","0.70","27.00","0.81","64071","13642.0","12775"
"301Q9305","코스피200 P 202009 305.0","1.09","-1.11","1.43","1.54","0.92","26.10","1.09","99691","27930.0","15777"
"301Q9307","코스피200 P 202009 307.5","1.46","-1.40","1.92","2.05","1.23","25.10","1.46","85470","31486.0","11131"
"301Q9310","코스피200 P 202009 310.0","1.97","-1.75","2.57","2.69","1.66","24.10","1.97","77295","38223.0","12924"
"301Q9312","코스피200 P 202009 312.5","2.67","-2.12","3.39","3.89","2.24","23.50","2.67","45099","29761.0","5952"
"301Q9315","코스피200 P 202009 315.0","3.58","-2.57","4.42","4.65","3.02","23.00","3.58","28875","25415.0","8052"
"301Q9317","코스피200 P 202009 317.5","4.79","-3.06","5.78","5.99","4.07","22.80","4.79","6424","7476.0","5168"
"301Q9320","코스피200 P 202009 320.0","6.28","-3.62","7.40","7.67","5.44","22.80","6.28","1234","1904.0","3605"
"301Q9322","코스피200 P 202009 322.5","8.07","-3.93","8.71","9.18","7.02","23.50","8.07","463","920.0","2409"
"301Q9325","코스피200 P 202009 325.0","10.00","-3.90","10.55","11.35","8.85","24.00","10.00","146","346.0","1508"
"301Q9327","코스피200 P 202009 327.5","11.75","-4.50","13.25","13.30","11.00","20.00","11.75","43","124.0","674"
"301Q9330","코스피200 P 202009 330.0","14.45","-5.35","15.30","15.30","13.30","22.00","14.45","73","251.0","607"
"301Q9332","코스피200 P 202009 332.5","15.90","-6.45","17.95","17.95","15.65","20.00","15.90","13","54.0","601"
"301Q9335","코스피200 P 202009 335.0","18.15","-5.45","19.30","19.30","18.10","20.00","18.15","5","23.0","162"
"301Q9337","코스피200 P 202009 337.5","21.20","-4.90","21.20","21.20","21.20","24.00","21.20","1","5.0","4"
"301Q9340","코스피200 P 202009 340.0","22.85","-4.80","23.70","25.40","22.85","3.00","22.85","5","30.0","312"
"301Q9342","코스피200 P 202009 342.5",,,,,,"10.25","26.05","0","0.0","8"
"301Q9345","코스피200 P 202009 345.0",,,,,,"17.50","28.55","0","0.0","8"
"301Q9347","코스피200 P 202009 347.5",,,,,,"24.75","31.05","0","0.0","11"
"301Q9350","코스피200 P 202009 350.0","33.80","-4.65","33.20","34.05","33.20","32.00","33.80","3","25.0","17"
"301Q9352","코스피200 P 202009 352.5",,,,,,"32.00","36.05","0","0.0","19"
"301Q9355","코스피200 P 202009 355.0",,,,,,"32.00","38.55","0","0.0","11"
"301Q9357","코스피200 P 202009 357.5",,,,,,"32.00","41.05","0","0.0","13"
"301Q9360","코스피200 P 202009 360.0",,,,,,"32.00","43.55","0","0.0","108"
"301Q9362","코스피200 P 202009 362.5",,,,,,"32.00","46.05","0","0.0","3"
"301Q9365","코스피200 P 202009 365.0","49.00","-4.30","48.00","49.10","48.00","32.00","49.00","23","282.0","1200"
"301QA202","코스피200 P 202010 202.5","0.06","-0.01","0.05","0.08","0.05","54.60","0.06","5450","92.0","6439"
"301QA205","코스피200 P 202010 205.0","0.07","-0.01","0.07","0.08","0.06","54.10","0.07","1595","29.0","1381"
"301QA207","코스피200 P 202010 207.5","0.08","-0.03","0.09","0.09","0.07","53.40","0.08","223","5.0","434"
"301QA210","코스피200 P 202010 210.0","0.09","-0.03","0.10","0.10","0.08","53.30","0.09","176","4.0","806"
"301QA212","코스피200 P 202010 212.5","0.09","-0.04","0.10","0.11","0.09","51.90","0.09","183","4.0","660"
"301QA215","코스피200 P 202010 215.0","0.10","-0.04","0.11","0.12","0.09","50.90","0.10","146","4.0","607"
"301QA217","코스피200 P 202010 217.5","0.11","-0.04","0.11","0.13","0.11","49.90","0.11","15","0.0","194"
"301QA220","코스피200 P 202010 220.0","0.12","-0.05","0.14","0.15","0.12","48.90","0.12","492","15.0","609"
"301QA222","코스피200 P 202010 222.5","0.14","-0.06","0.16","0.16","0.14","48.30","0.14","184","7.0","901"
"301QA225","코스피200 P 202010 225.0","0.15","-0.06","0.16","0.17","0.14","47.50","0.15","277","11.0","374"
"301QA227","코스피200 P 202010 227.5","0.17","-0.06","0.18","0.19","0.16","47.00","0.17","61","3.0","284"
"301QA230","코스피200 P 202010 230.0","0.18","-0.08","0.25","0.25","0.18","46.00","0.18","411","19.0","882"
"301QA232","코스피200 P 202010 232.5","0.20","-0.08","0.25","0.25","0.20","45.40","0.20","295","16.0","518"
"301QA235","코스피200 P 202010 235.0","0.22","-0.09","0.24","0.26","0.22","44.30","0.22","260","15.0","897"
"301QA237","코스피200 P 202010 237.5","0.24","-0.10","0.27","0.27","0.23","43.40","0.24","291","18.0","565"
"301QA240","코스피200 P 202010 240.0","0.26","-0.13","0.32","0.32","0.26","42.40","0.26","421","30.0","1117"
"301QA242","코스피200 P 202010 242.5","0.29","-0.12","0.32","0.33","0.29","41.60","0.29","123","9.0","497"
"301QA245","코스피200 P 202010 245.0","0.31","-0.15","0.37","0.37","0.30","40.80","0.31","449","37.0","873"
"301QA247","코스피200 P 202010 247.5","0.35","-0.15","0.40","0.40","0.34","40.30","0.35","463","44.0","650"
"301QA250","코스피200 P 202010 250.0","0.38","-0.18","0.45","0.45","0.37","39.60","0.38","1016","103.0","3497"
"301QA252","코스피200 P 202010 252.5","0.41","-0.20","0.50","0.50","0.41","38.60","0.41","564","62.0","638"
"301QA255","코스피200 P 202010 255.0","0.46","-0.21","0.54","0.54","0.45","37.80","0.46","934","113.0","1938"
"301QA257","코스피200 P 202010 257.5","0.51","-0.21","0.57","0.58","0.50","36.90","0.51","933","125.0","771"
"301QA260","코스피200 P 202010 260.0","0.56","-0.25","0.69","0.69","0.55","36.10","0.56","1530","226.0","1215"
"301QA262","코스피200 P 202010 262.5","0.64","-0.27","0.70","0.71","0.61","35.60","0.64","584","96.0","474"
"301QA265","코스피200 P 202010 265.0","0.70","-0.31","0.82","0.83","0.67","34.90","0.70","902","164.0","920"
"301QA267","코스피200 P 202010 267.5","0.77","-0.36","0.91","0.91","0.75","34.00","0.77","372","75.0","884"
"301QA270","코스피200 P 202010 270.0","0.87","-0.36","1.11","1.11","0.83","33.20","0.87","1822","401.0","2363"
"301QA272","코스피200 P 202010 272.5","0.96","-0.42","1.11","1.11","0.92","32.30","0.96","692","168.0","798"
"301QA275","코스피200 P 202010 275.0","1.09","-0.43","1.30","1.30","1.02","31.80","1.09","746","204.0","1262"
"301QA277","코스피200 P 202010 277.5","1.21","-0.53","1.45","1.45","1.15","31.10","1.21","474","148.0","487"
"301QA280","코스피200 P 202010 280.0","1.35","-0.54","1.60","1.60","1.28","30.30","1.35","1481","519.0","3034"
"301QA282","코스피200 P 202010 282.5","1.50","-0.60","1.71","1.71","1.47","29.30","1.50","267","103.0","404"
"301QA285","코스피200 P 202010 285.0","1.70","-0.71","1.95","1.95","1.61","28.60","1.70","1016","436.0","1623"
"301QA287","코스피200 P 202010 287.5","1.95","-0.76","2.17","2.17","1.82","28.30","1.95","302","150.0","955"
"301QA290","코스피200 P 202010 290.0","2.22","-0.85","2.53","2.57","2.08","27.70","2.22","1526","940.0","3848"
"301QA292","코스피200 P 202010 292.5","2.48","-0.94","2.73","2.73","2.39","26.60","2.48","425","268.0","1200"
"301QA295","코스피200 P 202010 295.0","2.84","-1.12","3.73","3.73","2.65","26.10","2.84","1712","1232.0","1379"
"301QA297","코스피200 P 202010 297.5","3.28","-1.24","3.63","3.63","3.03","25.90","3.28","949","762.0","591"
"301QA300","코스피200 P 202010 300.0","3.76","-1.29","4.70","4.70","3.47","25.30","3.76","694","639.0","6500"
"301QA302","코스피200 P 202010 302.5","4.25","-1.44","4.85","4.85","3.95","24.50","4.25","321","333.0","1902"
"301QA305","코스피200 P 202010 305.0","4.83","-1.77","5.38","5.40","4.50","24.00","4.83","1000","1183.0","1758"
"301QA307","코스피200 P 202010 307.5","5.65","-1.75","5.99","6.17","5.22","23.80","5.65","809","1118.0","743"
"301QA310","코스피200 P 202010 310.0","6.43","-1.99","7.00","7.03","5.99","23.10","6.43","489","778.0","4810"
"301QA312","코스피200 P 202010 312.5","7.35","-2.25","7.26","7.80","6.85","23.00","7.35","309","564.0","1246"
"301QA315","코스피200 P 202010 315.0","8.46","-2.69","9.10","9.17","7.89","22.50","8.46","428","901.0","1058"
"301QA317","코스피200 P 202010 317.5","9.50","-2.55","9.27","10.15","9.00","21.80","9.50","121","280.0","215"
"301QA320","코스피200 P 202010 320.0","10.90","-2.80","11.40","11.60","10.20","22.00","10.90","99","264.0","1660"
"301QA322","코스피200 P 202010 322.5",,,,,,"21.75","12.25","0","0.0","4"
"301QA325","코스피200 P 202010 325.0","14.10","-3.35","13.95","14.10","13.75","21.50","14.10","4","14.0","16"
"301QA327","코스피200 P 202010 327.5",,,,,,"21.25","15.45","0","0.0","8"
"301QA330","코스피200 P 202010 330.0","16.80","-4.55","17.20","17.20","16.80","21.00","16.80","3","13.0","8"
"301QA332","코스피200 P 202010 332.5","18.50","-4.90","18.50","18.50","18.50","20.50","18.50","1","5.0","4"
"301QA335","코스피200 P 202010 335.0",,,,,,"20.40","21.00","0","0.0","2"
"301QA337","코스피200 P 202010 337.5",,,,,,"20.30","23.05","0","0.0","1"
"301QA340","코스피200 P 202010 340.0",,,,,,"20.20","25.25","0","0.0","3"
"301QA342","코스피200 P 202010 342.5",,,,,,"20.10","27.45","0","0.0","1"
"301QA345","코스피200 P 202010 345.0","30.25","-4.35","30.25","30.25","30.25","20.00","30.25","1","8.0","1"
"301QA347","코스피200 P 202010 347.5",,,,,,"20.00","32.05","0","0.0","1"
"301QA350","코스피200 P 202010 350.0",,,,,,"20.00","34.40","0","0.0","1"
"301QA352","코스피200 P 202010 352.5",,,,,,"20.00","36.80","0","0.0","1"
"301QA355","코스피200 P 202010 355.0",,,,,,"20.00","39.25","0","0.0","0"
"301QA357","코스피200 P 202010 357.5",,,,,,"20.00","41.70","0","0.0","1"
"301QA360","코스피200 P 202010 360.0",,,,,,"20.00","44.10","0","0.0","0"
"301QA362","코스피200 P 202010 362.5",,,,,,"20.00","46.60","0","0.0","0"
"301QB212","코스피200 P 202011 212.5","0.48","-0.14","0.53","0.53","0.47","45.90","0.48","73","9.0","1364"
"301QB215","코스피200 P 202011 215.0","0.53","-0.13","0.57","0.57","0.52","45.50","0.53","54","7.0","68"
"301QB217","코스피200 P 202011 217.5","0.55","-0.12","0.61","0.61","0.55","44.90","0.55","33","5.0","66"
"301QB220","코스피200 P 202011 220.0","0.59","-0.14","0.63","0.64","0.59","44.30","0.59","43","7.0","55"
"301QB222","코스피200 P 202011 222.5","0.65","-0.13","0.67","0.67","0.65","43.80","0.65","20","3.0","20"
"301QB225","코스피200 P 202011 225.0","0.69","-0.17","0.72","0.72","0.68","42.70","0.69","27","5.0","38"
"301QB227","코스피200 P 202011 227.5","0.75","-0.17","0.81","0.81","0.74","42.00","0.75","67","13.0","66"
"301QB230","코스피200 P 202011 230.0","0.80","-0.31","0.87","0.87","0.78","41.30","0.80","26","5.0","58"
"301QB232","코스피200 P 202011 232.5","0.85","-0.21","0.90","0.90","0.85","40.70","0.85","20","4.0","23"
"301QB235","코스피200 P 202011 235.0","0.90","-0.40","1.00","1.00","0.90","40.00","0.90","28","7.0","37"
"301QB237","코스피200 P 202011 237.5","0.98","-0.27","1.10","1.10","0.98","39.50","0.98","33","9.0","28"
"301QB240","코스피200 P 202011 240.0","1.07","-0.28","1.16","1.16","1.04","39.10","1.07","38","10.0","74"
"301QB242","코스피200 P 202011 242.5","1.18","-0.18","1.18","1.18","1.18","38.60","1.18","10","3.0","12"
"301QB245","코스피200 P 202011 245.0","1.21","-0.23","1.32","1.32","1.20","37.60","1.21","26","8.0","37"
"301QB247","코스피200 P 202011 247.5","1.30","-0.29","1.30","1.30","1.30","37.10","1.30","10","3.0","11"
"301QB250","코스피200 P 202011 250.0","1.43","-0.45","1.56","1.56","1.38","36.30","1.43","41","15.0","204"
"301QB252","코스피200 P 202011 252.5","1.52","-0.60","1.54","1.54","1.52","35.70","1.52","3","1.0","275"
"301QB255","코스피200 P 202011 255.0","1.65","-0.44","1.79","1.79","1.61","35.10","1.65","85","35.0","91"
"301QB257","코스피200 P 202011 257.5",,,,,,"34.50","1.71","0","0.0","9"
"301QB260","코스피200 P 202011 260.0","1.88","-0.62","2.08","2.08","1.88","33.90","1.88","48","23.0","1732"
"301QB262","코스피200 P 202011 262.5","2.10","-0.40","2.12","2.12","2.10","33.50","2.10","2","1.0","7"
"301QB265","코스피200 P 202011 265.0","2.24","-0.48","2.24","2.24","2.24","32.80","2.24","11","6.0","24"
"301QB267","코스피200 P 202011 267.5",,,,,,"32.15","2.37","0","0.0","205"
"301QB270","코스피200 P 202011 270.0","2.62","-0.67","2.84","2.84","2.55","31.50","2.62","121","79.0","215"
"301QB272","코스피200 P 202011 272.5","2.85","-0.89","3.05","3.05","2.85","31.10","2.85","2","1.0","158"
"301QB275","코스피200 P 202011 275.0","3.10","-0.78","3.04","3.10","2.98","30.80","3.10","6","5.0","223"
"301QB277","코스피200 P 202011 277.5",,,,,,"30.10","3.27","0","0.0","0"
"301QB280","코스피200 P 202011 280.0","3.55","-0.93","3.94","3.94","3.50","29.40","3.55","53","49.0","4450"
"301QB282","코스피200 P 202011 282.5",,,,,,"28.92","3.91","0","0.0","0"
"301QB285","코스피200 P 202011 285.0",,,,,,"28.45","4.26","0","0.0","805"
"301QB287","코스피200 P 202011 287.5",,,,,,"27.97","4.62","0","0.0","0"
"301QB290","코스피200 P 202011 290.0","5.12","-1.80","5.17","5.20","5.07","27.50","5.12","363","567.0","362"
"301QB292","코스피200 P 202011 292.5","5.64","-1.98","5.62","5.64","5.62","26.90","5.64","2","3.0","1"
"301QB295","코스피200 P 202011 295.0","6.51","-1.85","6.51","6.51","6.51","26.40","6.51","1","2.0","1705"
"301QB297","코스피200 P 202011 297.5","6.51","-2.80","7.09","7.09","6.51","25.60","6.51","18","30.0","13"
"301QB300","코스피200 P 202011 300.0","7.68","-2.57","7.61","7.68","7.61","25.90","7.68","2","4.0","914"
"301QB302","코스피200 P 202011 302.5","8.43","-2.77","8.43","8.43","8.43","25.30","8.43","1","2.0","1"
"301QB305","코스피200 P 202011 305.0","9.24","-2.91","9.24","9.24","9.24","24.80","9.24","1","2.0","1202"
"301QB307","코스피200 P 202011 307.5","9.80","-3.60","9.80","9.84","9.80","25.00","9.80","3","7.0","5"
"301QB310","코스피200 P 202011 310.0","10.70","-3.95","10.65","10.70","10.65","24.10","10.70","3","8.0","4"
"301QB312","코스피200 P 202011 312.5","11.50","-4.45","11.45","11.50","11.45","23.80","11.50","2","6.0","1"
"301QB315","코스피200 P 202011 315.0","12.40","-4.85","12.35","12.40","12.35","23.30","12.40","2","6.0","1"
"301QB317","코스피200 P 202011 317.5",,,,,,"23.30","13.60","0","0.0","0"
"301QB320","코스피200 P 202011 320.0",,,,,,"23.30","14.90","0","0.0","0"
"301QB322","코스피200 P 202011 322.5",,,,,,"23.30","16.40","0","0.0","0"
"301QB325","코스피200 P 202011 325.0",,,,,,"23.30","17.95","0","0.0","0"
"301QB327","코스피200 P 202011 327.5",,,,,,"23.30","19.55","0","0.0","0"
"301QB330","코스피200 P 202011 330.0",,,,,,"23.30","21.10","0","0.0","0"
"301QB332","코스피200 P 202011 332.5",,,,,,"23.30","22.95","0","0.0","0"
"301QB335","코스피200 P 202011 335.0",,,,,,"23.30","24.75","0","0.0","0"
"301QB337","코스피200 P 202011 337.5",,,,,,"23.30","26.60","0","0.0","0"
"301QB340","코스피200 P 202011 340.0",,,,,,"23.30","28.45","0","0.0","0"
"301QB342","코스피200 P 202011 342.5",,,,,,"23.30","30.45","0","0.0","0"
"301QB345","코스피200 P 202011 345.0",,,,,,"23.30","32.50","0","0.0","0"
"301QB347","코스피200 P 202011 347.5",,,,,,"23.30","34.55","0","0.0","0"
"301QB350","코스피200 P 202011 350.0",,,,,,"23.30","36.60","0","0.0","0"
"301QB352","코스피200 P 202011 352.5",,,,,,"23.30","38.80","0","0.0","0"
"301QB355","코스피200 P 202011 355.0",,,,,,"23.30","41.00","0","0.0","0"
"301QB357","코스피200 P 202011 357.5",,,,,,"23.30","43.20","0","0.0","0"
"301QB360","코스피200 P 202011 360.0",,,,,,"23.30","45.40","0","0.0","0"
"301QB362","코스피200 P 202011 362.5",,,,,,"23.30","47.70","0","0.0","0"
"301QC140","코스피200 P 202012 140.0","0.15","-0.01","0.15","0.16","0.14","64.30","0.15","352","13.0","5089"
"301QC142","코스피200 P 202012 142.5","0.16","0.00","0.16","0.16","0.16","63.00","0.16","17","1.0","183"
"301QC145","코스피200 P 202012 145.0","0.16","-0.02","0.17","0.17","0.16","62.00","0.16","7","0.0","201"
"301QC147","코스피200 P 202012 147.5",,,,,,"61.50","0.17","0","0.0","27"
"301QC150","코스피200 P 202012 150.0","0.21","-0.03","0.21","0.21","0.21","61.00","0.21","6","0.0","5731"
"301QC152","코스피200 P 202012 152.5",,,,,,"60.13","0.21","0","0.0","46"
"301QC155","코스피200 P 202012 155.0",,,,,,"59.26","0.22","0","0.0","236"
"301QC157","코스피200 P 202012 157.5","0.24","-0.02","0.24","0.24","0.24","58.40","0.24","1","0.0","58"
"301QC160","코스피200 P 202012 160.0","0.25","-0.01","0.25","0.25","0.25","57.30","0.25","1","0.0","391"
"301QC162","코스피200 P 202012 162.5","0.27","-0.01","0.27","0.27","0.27","56.80","0.27","1","0.0","70"
"301QC165","코스피200 P 202012 165.0","0.29","-0.01","0.29","0.29","0.29","56.30","0.29","1","0.0","73"
"301QC167","코스피200 P 202012 167.5","0.31","-0.01","0.33","0.33","0.31","55.80","0.31","3","0.0","75"
"301QC170","코스피200 P 202012 170.0","0.34","-0.01","0.35","0.35","0.32","55.50","0.34","15","1.0","2706"
"301QC172","코스피200 P 202012 172.5","0.35","-0.08","0.37","0.38","0.35","54.40","0.35","18","2.0","43"
"301QC175","코스피200 P 202012 175.0","0.37","-0.03","0.40","0.40","0.37","53.50","0.37","10","1.0","474"
"301QC177","코스피200 P 202012 177.5","0.39","-0.08","0.41","0.41","0.39","52.80","0.39","11","1.0","41"
"301QC180","코스피200 P 202012 180.0","0.42","-0.08","0.43","0.43","0.42","51.90","0.42","7","1.0","7617"
"301QC182","코스피200 P 202012 182.5","0.44","-0.09","0.44","0.46","0.44","51.30","0.44","15","2.0","73"
"301QC185","코스피200 P 202012 185.0","0.47","-0.05","0.48","0.48","0.47","50.40","0.47","3","0.0","241"
"301QC187","코스피200 P 202012 187.5","0.51","-0.05","0.50","0.53","0.50","49.80","0.51","25","3.0","28"
"301QC190","코스피200 P 202012 190.0","0.53","-0.09","0.58","0.58","0.53","49.00","0.53","29","4.0","6553"
"301QC192","코스피200 P 202012 192.5","0.57","-0.06","0.59","0.59","0.57","48.60","0.57","17","2.0","42"
"301QC195","코스피200 P 202012 195.0",,,,,,"48.10","0.59","0","0.0","539"
"301QC197","코스피200 P 202012 197.5",,,,,,"47.60","0.63","0","0.0","53"
"301QC200","코스피200 P 202012 200.0","0.69","-0.11","0.70","0.71","0.68","47.10","0.69","174","30.0","16933"
"301QC202","코스피200 P 202012 202.5","0.73","-0.07","0.73","0.73","0.73","46.40","0.73","1","0.0","69"
"301QC205","코스피200 P 202012 205.0",,,,,,"45.66","0.76","0","0.0","829"
"301QC207","코스피200 P 202012 207.5",,,,,,"44.93","0.81","0","0.0","19"
"301QC210","코스피200 P 202012 210.0","0.88","-0.10","0.88","0.88","0.86","44.20","0.88","468","102.0","11654"
"301QC212","코스피200 P 202012 212.5","0.92","-0.07","0.92","0.92","0.92","43.40","0.92","1","0.0","17"
"301QC215","코스피200 P 202012 215.0","0.99","-0.06","0.99","0.99","0.99","42.60","0.99","9","2.0","306"
"301QC217","코스피200 P 202012 217.5","1.03","-0.10","1.02","1.03","1.02","42.10","1.03","2","1.0","23"
"301QC220","코스피200 P 202012 220.0","1.06","-0.18","1.11","1.11","1.06","41.40","1.06","12","3.0","13997"
"301QC222","코스피200 P 202012 222.5",,,,,,"40.90","1.11","0","0.0","26"
"301QC225","코스피200 P 202012 225.0","1.21","-0.19","1.25","1.25","1.19","40.40","1.21","19","6.0","5588"
"301QC227","코스피200 P 202012 227.5","1.29","-0.31","1.27","1.30","1.27","39.90","1.29","5","2.0","12"
"301QC230","코스피200 P 202012 230.0","1.36","-0.24","1.43","1.44","1.36","39.30","1.36","17","6.0","28276"
"301QC232","코스피200 P 202012 232.5","1.44","-0.24","1.48","1.48","1.44","38.70","1.44","13","5.0","27"
"301QC235","코스피200 P 202012 235.0","1.52","-0.26","1.52","1.52","1.51","37.80","1.52","37","14.0","706"
"301QC237","코스피200 P 202012 237.5","1.68","-0.37","1.72","1.72","1.68","37.40","1.68","4","2.0","25"
"301QC240","코스피200 P 202012 240.0","1.83","-0.21","1.82","1.83","1.82","36.60","1.83","3","1.0","19008"
"301QC242","코스피200 P 202012 242.5",,,,,,"36.05","1.81","0","0.0","25"
"301QC245","코스피200 P 202012 245.0","1.95","-0.25","2.15","2.15","1.95","35.50","1.95","12","6.0","6392"
"301QC247","코스피200 P 202012 247.5","2.19","-0.10","2.19","2.19","2.19","35.20","2.19","9","5.0","21"
"301QC250","코스피200 P 202012 250.0","2.22","-0.36","2.23","2.24","2.20","34.60","2.22","37","21.0","16525"
"301QC252","코스피200 P 202012 252.5",,,,,,"33.99","2.31","0","0.0","11"
"301QC255","코스피200 P 202012 255.0","2.53","-0.39","2.54","2.54","2.53","33.40","2.53","21","13.0","2783"
"301QC257","코스피200 P 202012 257.5",,,,,,"32.85","2.68","0","0.0","13"
"301QC260","코스피200 P 202012 260.0","2.90","-0.43","3.00","3.00","2.85","32.30","2.90","34","25.0","14312"
"301QC262","코스피200 P 202012 262.5",,,,,,"31.80","3.07","0","0.0","15"
"301QC265","코스피200 P 202012 265.0","3.30","-0.46","3.32","3.33","3.29","31.30","3.30","237","233.0","2448"
"301QC267","코스피200 P 202012 267.5","3.56","-0.53","3.52","3.56","3.52","30.90","3.56","3","3.0","347"
"301QC270","코스피200 P 202012 270.0","3.83","-0.63","3.65","3.84","3.65","30.60","3.83","300","328.0","8944"
"301QC272","코스피200 P 202012 272.5","4.02","-0.89","4.02","4.02","4.02","29.80","4.02","2","2.0","110"
"301QC275","코스피200 P 202012 275.0","4.30","-1.10","4.30","4.30","4.30","29.20","4.30","1","1.0","5038"
"301QC277","코스피200 P 202012 277.5",,,,,,"28.80","4.66","0","0.0","9"
"301QC280","코스피200 P 202012 280.0","4.96","-1.54","5.00","5.02","3.65","28.40","4.96","44","53.0","11917"
"301QC282","코스피200 P 202012 282.5",,,,,,"28.14","5.45","0","0.0","0"
"301QC285","코스피200 P 202012 285.0",,,,,,"27.88","5.88","0","0.0","4816"
"301QC287","코스피200 P 202012 287.5",,,,,,"27.62","6.51","0","0.0","6"
"301QC290","코스피200 P 202012 290.0",,,,,,"27.36","7.13","0","0.0","9688"
"301QC292","코스피200 P 202012 292.5",,,,,,"27.10","7.75","0","0.0","2"
"301QC295","코스피200 P 202012 295.0",,,,,,"26.84","8.37","0","0.0","1438"
"301QC297","코스피200 P 202012 297.5",,,,,,"26.59","9.00","0","0.0","1"
"301QC300","코스피200 P 202012 300.0",,,,,,"26.33","9.84","0","0.0","18004"
"301QC302","코스피200 P 202012 302.5",,,,,,"26.07","10.70","0","0.0","1"
"301QC305","코스피200 P 202012 305.0",,,,,,"25.81","11.55","0","0.0","808"
"301QC307","코스피200 P 202012 307.5",,,,,,"25.55","12.45","0","0.0","3"
"301QC310","코스피200 P 202012 310.0",,,,,,"25.29","13.30","200","735.0","11527"
"301QC312","코스피200 P 202012 312.5",,,,,,"25.04","14.45","0","0.0","3"
"301QC315","코스피200 P 202012 315.0",,,,,,"24.78","15.55","0","0.0","303"
"301QC317","코스피200 P 202012 317.5",,,,,,"24.52","16.70","0","0.0","1"
"301QC320","코스피200 P 202012 320.0",,,,,,"24.26","17.80","0","0.0","4509"
"301QC322","코스피200 P 202012 322.5",,,,,,"24.00","19.05","0","0.0","0"
"301QC325","코스피200 P 202012 325.0",,,,,,"23.75","20.45","0","0.0","1"
"301QC327","코스피200 P 202012 327.5",,,,,,"23.49","21.90","0","0.0","0"
"301QC330","코스피200 P 202012 330.0",,,,,,"23.23","23.30","0","0.0","83"
"301QC332","코스피200 P 202012 332.5",,,,,,"22.97","24.70","0","0.0","0"
"301QC335","코스피200 P 202012 335.0",,,,,,"22.71","26.40","0","0.0","0"
"301QC337","코스피200 P 202012 337.5",,,,,,"22.45","28.05","0","0.0","0"
"301QC340","코스피200 P 202012 340.0",,,,,,"22.20","29.75","0","0.0","13"
"301QC342","코스피200 P 202012 342.5",,,,,,"21.94","31.40","0","0.0","0"
"301QC345","코스피200 P 202012 345.0",,,,,,"21.68","33.30","0","0.0","0"
"301QC347","코스피200 P 202012 347.5",,,,,,"21.42","35.25","0","0.0","0"
"301QC350","코스피200 P 202012 350.0",,,,,,"21.16","37.15","0","0.0","5928"
"301QC352","코스피200 P 202012 352.5",,,,,,"20.90","39.10","0","0.0","0"
"301QC355","코스피200 P 202012 355.0",,,,,,"20.65","41.20","0","0.0","1"
"301QC357","코스피200 P 202012 357.5",,,,,,"20.39","43.30","0","0.0","0"
"301QC360","코스피200 P 202012 360.0",,,,,,"20.13","45.40","0","0.0","42"
"301QC362","코스피200 P 202012 362.5",,,,,,"19.87","47.60","0","0.0","1"
"301QC365","코스피200 P 202012 365.0",,,,,,"19.61","49.85","0","0.0","0"
"301QC367","코스피200 P 202012 367.5",,,,,,"19.35","52.10","0","0.0","0"
"301QC370","코스피200 P 202012 370.0",,,,,,"19.10","54.40","0","0.0","14"
"301QC372","코스피200 P 202012 372.5",,,,,,"18.84","56.75","0","0.0","0"
"301QC375","코스피200 P 202012 375.0",,,,,,"18.58","59.10","0","0.0","0"
"301QC377","코스피200 P 202012 377.5",,,,,,"18.32","61.45","0","0.0","0"
"301QC380","코스피200 P 202012 380.0",,,,,,"18.06","63.85","0","0.0","41"
"301QC382","코스피200 P 202012 382.5",,,,,,"17.80","66.30","0","0.0","0"
"301QC385","코스피200 P 202012 385.0",,,,,,"17.55","68.75","0","0.0","0"
"301QC387","코스피200 P 202012 387.5",,,,,,"17.29","71.20","0","0.0","0"
"301QC390","코스피200 P 202012 390.0",,,,,,"17.03","73.65","0","0.0","35"
"301QC392","코스피200 P 202012 392.5",,,,,,"16.77","76.10","0","0.0","0"
"301QC395","코스피200 P 202012 395.0",,,,,,"16.51","78.60","0","0.0","0"
"301QC397","코스피200 P 202012 397.5",,,,,,"16.25","81.05","0","0.0","0"
"301QC400","코스피200 P 202012 400.0","83.50","-4.40","82.00","85.05","82.00","16.00","83.50","21","440.0","509"
"301R1245","코스피200 P 202101 245.0","2.77","-0.43","2.80","2.80","2.77","32.50","2.77","11","8.0","112"
"301R1247","코스피200 P 202101 247.5",,,,,,"32.50","3.14","0","0.0","0"
"301R1250","코스피200 P 202101 250.0",,,,,,"32.50","3.50","0","0.0","0"
"301R1252","코스피200 P 202101 252.5",,,,,,"32.50","3.86","0","0.0","0"
"301R1255","코스피200 P 202101 255.0",,,,,,"32.50","4.22","0","0.0","0"
"301R1257","코스피200 P 202101 257.5",,,,,,"32.50","4.68","0","0.0","0"
"301R1260","코스피200 P 202101 260.0",,,,,,"32.50","5.23","0","0.0","0"
"301R1262","코스피200 P 202101 262.5",,,,,,"32.50","5.78","0","0.0","0"
"301R1265","코스피200 P 202101 265.0",,,,,,"32.50","6.33","0","0.0","0"
"301R1267","코스피200 P 202101 267.5",,,,,,"32.50","6.88","0","0.0","0"
"301R1270","코스피200 P 202101 270.0",,,,,,"32.50","7.43","0","0.0","0"
"301R1272","코스피200 P 202101 272.5",,,,,,"32.50","8.11","0","0.0","0"
"301R1275","코스피200 P 202101 275.0",,,,,,"32.50","8.90","0","0.0","0"
"301R1277","코스피200 P 202101 277.5",,,,,,"32.50","9.68","0","0.0","0"
"301R1280","코스피200 P 202101 280.0",,,,,,"32.50","10.45","0","0.0","2"
"301R1282","코스피200 P 202101 282.5",,,,,,"32.50","11.25","0","0.0","0"
"301R1285","코스피200 P 202101 285.0",,,,,,"32.50","12.05","0","0.0","0"
"301R1287","코스피200 P 202101 287.5",,,,,,"32.50","12.90","0","0.0","0"
"301R1290","코스피200 P 202101 290.0",,,,,,"32.50","13.95","0","0.0","0"
"301R1292","코스피200 P 202101 292.5",,,,,,"32.50","15.00","0","0.0","0"
"301R1295","코스피200 P 202101 295.0",,,,,,"32.50","16.05","0","0.0","0"
"301R1297","코스피200 P 202101 297.5",,,,,,"32.50","17.10","0","0.0","0"
"301R1300","코스피200 P 202101 300.0",,,,,,"32.50","18.15","0","0.0","0"
"301R1302","코스피200 P 202101 302.5",,,,,,"32.50","19.20","0","0.0","0"
"301R1305","코스피200 P 202101 305.0",,,,,,"32.50","20.45","0","0.0","0"
"301R1307","코스피200 P 202101 307.5",,,,,,"32.50","21.80","0","0.0","0"
"301R1310","코스피200 P 202101 310.0",,,,,,"32.50","23.10","0","0.0","0"
"301R1312","코스피200 P 202101 312.5",,,,,,"32.50","24.45","0","0.0","0"
"301R1315","코스피200 P 202101 315.0",,,,,,"32.50","25.80","0","0.0","0"
"301R1317","코스피200 P 202101 317.5",,,,,,"32.50","27.10","0","0.0","0"
"301R1320","코스피200 P 202101 320.0",,,,,,"32.50","28.45","0","0.0","0"
"301R1322","코스피200 P 202101 322.5",,,,,,"32.50","30.00","0","0.0","0"
"301R1325","코스피200 P 202101 325.0",,,,,,"32.50","31.60","0","0.0","0"
"301R1327","코스피200 P 202101 327.5",,,,,,"32.50","33.20","0","0.0","0"
"301R1330","코스피200 P 202101 330.0",,,,,,"32.50","34.80","0","0.0","0"
"301R1332","코스피200 P 202101 332.5",,,,,,"32.50","36.40","0","0.0","0"
"301R1335","코스피200 P 202101 335.0",,,,,,"32.50","38.05","0","0.0","0"
"301R1337","코스피200 P 202101 337.5",,,,,,"32.50","39.65","0","0.0","0"
"301R1340","코스피200 P 202101 340.0",,,,,,"32.50","41.35","0","0.0","0"
"301R1342","코스피200 P 202101 342.5",,,,,,"32.50","43.20","0","0.0","0"
"301R1345","코스피200 P 202101 345.0",,,,,,"32.50","45.05","0","0.0","0"
"301R1347","코스피200 P 202101 347.5",,,,,,"32.50","46.90","0","0.0","0"
"301R1350","코스피200 P 202101 350.0",,,,,,"32.50","48.75","0","0.0","0"
"301R1352","코스피200 P 202101 352.5",,,,,,"32.50","50.60","0","0.0","0"
"301R1355","코스피200 P 202101 355.0",,,,,,"32.50","52.45","0","0.0","0"
"301R1357","코스피200 P 202101 357.5",,,,,,"32.50","54.35","0","0.0","0"
"301R1360","코스피200 P 202101 360.0",,,,,,"32.50","56.30","0","0.0","0"
"301R1362","코스피200 P 202101 362.5",,,,,,"32.50","58.35","0","0.0","0"
"301R2262","코스피200 P 202102 262.5",,,,,,"30.08","5.98","0","0.0","2"
"301R2265","코스피200 P 202102 265.0",,,,,,"30.08","6.53","0","0.0","0"
"301R2267","코스피200 P 202102 267.5",,,,,,"30.08","7.08","0","0.0","0"
"301R2270","코스피200 P 202102 270.0",,,,,,"30.08","7.63","0","0.0","0"
"301R2272","코스피200 P 202102 272.5",,,,,,"30.08","8.37","0","0.0","0"
"301R2275","코스피200 P 202102 275.0",,,,,,"30.08","9.15","0","0.0","0"
"301R2277","코스피200 P 202102 277.5",,,,,,"30.08","9.93","0","0.0","0"
"301R2280","코스피200 P 202102 280.0",,,,,,"30.08","10.70","0","0.0","0"
"301R2282","코스피200 P 202102 282.5",,,,,,"30.08","11.50","0","0.0","0"
"301R2285","코스피200 P 202102 285.0",,,,,,"30.08","12.30","0","0.0","0"
"301R2287","코스피200 P 202102 287.5",,,,,,"30.08","13.20","0","0.0","0"
"301R2290","코스피200 P 202102 290.0",,,,,,"30.08","14.25","0","0.0","0"
"301R2292","코스피200 P 202102 292.5",,,,,,"30.08","15.30","0","0.0","0"
"301R2295","코스피200 P 202102 295.0",,,,,,"30.08","16.35","0","0.0","1"
"301R2297","코스피200 P 202102 297.5",,,,,,"30.08","17.40","0","0.0","0"
"301R2300","코스피200 P 202102 300.0",,,,,,"30.08","18.45","0","0.0","0"
"301R2302","코스피200 P 202102 302.5",,,,,,"30.08","19.50","0","0.0","0"
"301R2305","코스피200 P 202102 305.0",,,,,,"30.08","20.75","0","0.0","0"
"301R2307","코스피200 P 202102 307.5",,,,,,"30.08","22.10","0","0.0","0"
"301R2310","코스피200 P 202102 310.0",,,,,,"30.08","23.40","0","0.0","2"
"301R2312","코스피200 P 202102 312.5",,,,,,"30.08","24.75","0","0.0","0"
"301R2315","코스피200 P 202102 315.0",,,,,,"30.08","26.10","0","0.0","0"
"301R2317","코스피200 P 202102 317.5",,,,,,"30.08","27.40","0","0.0","0"
"301R2320","코스피200 P 202102 320.0",,,,,,"30.08","28.75","0","0.0","0"
"301R2322","코스피200 P 202102 322.5",,,,,,"30.08","30.25","0","0.0","0"
"301R2325","코스피200 P 202102 325.0",,,,,,"30.08","31.85","0","0.0","0"
"301R2327","코스피200 P 202102 327.5",,,,,,"30.08","33.45","0","0.0","0"
"301R2330","코스피200 P 202102 330.0",,,,,,"30.08","35.10","0","0.0","0"
"301R2332","코스피200 P 202102 332.5",,,,,,"30.08","36.70","0","0.0","0"
"301R2335","코스피200 P 202102 335.0",,,,,,"30.08","38.30","0","0.0","0"
"301R2337","코스피200 P 202102 337.5",,,,,,"30.08","39.90","0","0.0","0"
"301R2340","코스피200 P 202102 340.0",,,,,,"30.08","41.55","0","0.0","0"
"301R2342","코스피200 P 202102 342.5",,,,,,"30.08","43.40","0","0.0","0"
"301R2345","코스피200 P 202102 345.0",,,,,,"30.08","45.25","0","0.0","0"
"301R2347","코스피200 P 202102 347.5",,,,,,"30.08","47.10","0","0.0","0"
"301R2350","코스피200 P 202102 350.0",,,,,,"30.08","48.95","0","0.0","0"
"301R2352","코스피200 P 202102 352.5",,,,,,"30.08","50.85","0","0.0","0"
"301R2355","코스피200 P 202102 355.0",,,,,,"30.08","52.70","0","0.0","0"
"301R2357","코스피200 P 202102 357.5",,,,,,"30.08","54.55","0","0.0","0"
"301R2360","코스피200 P 202102 360.0",,,,,,"30.08","56.45","0","0.0","0"
"301R2362","코스피200 P 202102 362.5",,,,,,"30.08","58.50","0","0.0","0"
"301R3140","코스피200 P 202103 140.0","0.39","-0.04","0.38","0.39","0.38","51.80","0.39","17","2.0","469"
"301R3145","코스피200 P 202103 145.0",,,,,,"50.67","0.46","0","0.0","0"
"301R3150","코스피200 P 202103 150.0",,,,,,"49.55","0.54","0","0.0","1"
"301R3155","코스피200 P 202103 155.0",,,,,,"48.43","0.61","0","0.0","7"
"301R3160","코스피200 P 202103 160.0",,,,,,"47.31","0.68","0","0.0","5"
"301R3165","코스피200 P 202103 165.0",,,,,,"46.19","0.75","0","0.0","0"
"301R3170","코스피200 P 202103 170.0",,,,,,"45.07","0.81","0","0.0","0"
"301R3175","코스피200 P 202103 175.0",,,,,,"43.95","0.92","0","0.0","3"
"301R3180","코스피200 P 202103 180.0",,,,,,"42.82","1.03","0","0.0","575"
"301R3185","코스피200 P 202103 185.0",,,,,,"41.70","1.15","0","0.0","24"
"301R3190","코스피200 P 202103 190.0",,,,,,"40.58","1.26","0","0.0","50"
"301R3195","코스피200 P 202103 195.0",,,,,,"39.46","1.37","0","0.0","12"
"301R3200","코스피200 P 202103 200.0",,,,,,"38.34","1.47","0","0.0","953"
"301R3205","코스피200 P 202103 205.0",,,,,,"37.22","1.58","0","0.0","0"
"301R3210","코스피200 P 202103 210.0","1.75","-2.09","1.79","1.79","1.75","36.10","1.75","2","1.0","1352"
"301R3215","코스피200 P 202103 215.0",,,,,,"35.10","1.98","0","0.0","13"
"301R3220","코스피200 P 202103 220.0","2.15","-2.78","2.25","2.25","2.15","34.10","2.15","15","8.0","2019"
"301R3225","코스피200 P 202103 225.0","2.50","-2.97","2.50","2.50","2.50","33.40","2.50","1","1.0","426"
"301R3230","코스피200 P 202103 230.0",,,,,,"32.55","2.69","0","0.0","2621"
"301R3235","코스피200 P 202103 235.0",,,,,,"31.71","3.06","0","0.0","3600"
"301R3240","코스피200 P 202103 240.0",,,,,,"30.87","3.46","0","0.0","1550"
"301R3245","코스피200 P 202103 245.0",,,,,,"30.02","3.86","0","0.0","0"
"301R3250","코스피200 P 202103 250.0",,,,,,"29.18","4.24","0","0.0","4"
"301R3255","코스피200 P 202103 255.0",,,,,,"28.34","4.68","0","0.0","0"
"301R3260","코스피200 P 202103 260.0","5.55","-5.80","5.65","5.65","5.55","27.50","5.55","2","3.0","1183"
"301R3265","코스피200 P 202103 265.0",,,,,,"27.50","6.40","0","0.0","1"
"301R3270","코스피200 P 202103 270.0",,,,,,"27.50","7.50","800","1342.0","4405"
"301R3275","코스피200 P 202103 275.0",,,,,,"27.50","8.99","0","0.0","2"
"301R3280","코스피200 P 202103 280.0",,,,,,"27.50","10.55","0","0.0","4401"
"301R3285","코스피200 P 202103 285.0",,,,,,"27.50","12.10","0","0.0","844"
"301R3290","코스피200 P 202103 290.0",,,,,,"27.50","14.05","0","0.0","501"
"301R3295","코스피200 P 202103 295.0",,,,,,"27.50","16.15","0","0.0","905"
"301R3300","코스피200 P 202103 300.0",,,,,,"27.50","18.20","0","0.0","1"
"301R3305","코스피200 P 202103 305.0",,,,,,"27.50","20.50","0","0.0","2002"
"301R3310","코스피200 P 202103 310.0",,,,,,"27.50","23.20","0","0.0","702"
"301R3315","코스피200 P 202103 315.0",,,,,,"27.50","25.85","0","0.0","151"
"301R3320","코스피200 P 202103 320.0",,,,,,"27.50","28.50","0","0.0","3"
"301R3325","코스피200 P 202103 325.0",,,,,,"27.50","31.60","0","0.0","1"
"301R3330","코스피200 P 202103 330.0",,,,,,"27.50","34.80","0","0.0","1"
"301R3335","코스피200 P 202103 335.0",,,,,,"27.50","38.05","0","0.0","0"
"301R3340","코스피200 P 202103 340.0",,,,,,"27.50","41.30","0","0.0","0"
"301R3345","코스피200 P 202103 345.0",,,,,,"27.50","45.00","0","0.0","0"
"301R3350","코스피200 P 202103 350.0",,,,,,"27.50","48.70","0","0.0","8"
"301R3355","코스피200 P 202103 355.0",,,,,,"27.50","52.40","0","0.0","0"
"301R3360","코스피200 P 202103 360.0",,,,,,"27.50","56.15","0","0.0","0"
"301R3365","코스피200 P 202103 365.0",,,,,,"27.50","60.30","0","0.0","0"
"301R3370","코스피200 P 202103 370.0",,,,,,"27.50","64.40","0","0.0","0"
"301R3375","코스피200 P 202103 375.0",,,,,,"27.50","68.55","0","0.0","0"
"301R3380","코스피200 P 202103 380.0",,,,,,"27.50","72.65","0","0.0","0"
"301R3385","코스피200 P 202103 385.0",,,,,,"27.50","77.10","0","0.0","1"
"301R6140","코스피200 P 202106 140.0",,,,,,"34.00","0.06","0","0.0","324"
"301R6145","코스피200 P 202106 145.0",,,,,,"34.00","0.09","0","0.0","101"
"301R6150","코스피200 P 202106 150.0",,,,,,"34.00","0.13","0","0.0","41"
"301R6155","코스피200 P 202106 155.0",,,,,,"34.00","0.19","0","0.0","11"
"301R6160","코스피200 P 202106 160.0",,,,,,"34.00","0.27","0","0.0","3231"
"301R6165","코스피200 P 202106 165.0",,,,,,"34.00","0.35","0","0.0","10"
"301R6170","코스피200 P 202106 170.0",,,,,,"34.00","0.50","0","0.0","920"
"301R6175","코스피200 P 202106 175.0",,,,,,"34.00","0.65","0","0.0","0"
"301R6180","코스피200 P 202106 180.0",,,,,,"34.00","0.83","0","0.0","2224"
"301R6185","코스피200 P 202106 185.0",,,,,,"34.00","1.11","0","0.0","8"
"301R6190","코스피200 P 202106 190.0",,,,,,"34.00","1.39","0","0.0","4090"
"301R6195","코스피200 P 202106 195.0",,,,,,"34.00","1.67","0","0.0","0"
"301R6200","코스피200 P 202106 200.0","2.18","-0.31","2.18","2.18","2.18","34.00","2.18","1","1.0","868"
"301R6205","코스피200 P 202106 205.0",,,,,,"33.27","2.41","0","0.0","50"
"301R6210","코스피200 P 202106 210.0",,,,,,"32.55","2.67","0","0.0","5133"
"301R6215","코스피200 P 202106 215.0",,,,,,"31.82","2.92","0","0.0","45"
"301R6220","코스피200 P 202106 220.0","3.26","-0.54","3.26","3.26","3.26","31.10","3.26","1","1.0","4333"
"301R6225","코스피200 P 202106 225.0",,,,,,"31.10","3.96","0","0.0","10"
"301R6230","코스피200 P 202106 230.0",,,,,,"31.10","4.72","0","0.0","18903"
"301R6235","코스피200 P 202106 235.0",,,,,,"31.10","5.48","0","0.0","10"
"301R6240","코스피200 P 202106 240.0",,,,,,"31.10","6.47","0","0.0","9272"
"301R6245","코스피200 P 202106 245.0",,,,,,"31.10","7.62","0","0.0","0"
"301R6250","코스피200 P 202106 250.0",,,,,,"31.10","8.77","0","0.0","9318"
"301R6255","코스피200 P 202106 255.0",,,,,,"31.10","9.91","0","0.0","0"
"301R6260","코스피200 P 202106 260.0",,,,,,"31.10","11.40","0","0.0","2499"
"301R6265","코스피200 P 202106 265.0",,,,,,"31.10","13.05","0","0.0","2"
"301R6270","코스피200 P 202106 270.0",,,,,,"31.10","14.65","0","0.0","5654"
"301R6275","코스피200 P 202106 275.0",,,,,,"31.10","16.30","0","0.0","2805"
"301R6280","코스피200 P 202106 280.0",,,,,,"31.10","18.25","0","0.0","2002"
"301R6285","코스피200 P 202106 285.0",,,,,,"31.10","20.40","0","0.0","1"
"301R6290","코스피200 P 202106 290.0",,,,,,"31.10","22.55","0","0.0","1403"
"301R6295","코스피200 P 202106 295.0",,,,,,"31.10","24.70","0","0.0","1200"
"301R6300","코스피200 P 202106 300.0",,,,,,"31.10","26.95","0","0.0","2107"
"301R6305","코스피200 P 202106 305.0",,,,,,"31.10","29.65","0","0.0","0"
"301R6310","코스피200 P 202106 310.0",,,,,,"31.10","32.40","0","0.0","3000"
"301R6315","코스피200 P 202106 315.0",,,,,,"31.10","35.10","0","0.0","500"
"301R6320","코스피200 P 202106 320.0",,,,,,"31.10","37.85","0","0.0","36"
"301R6325","코스피200 P 202106 325.0",,,,,,"31.10","40.70","0","0.0","0"
"301R6330","코스피200 P 202106 330.0",,,,,,"31.10","44.00","0","0.0","0"
"301R6335","코스피200 P 202106 335.0",,,,,,"31.10","47.25","0","0.0","0"
"301R6340","코스피200 P 202106 340.0",,,,,,"31.10","50.50","0","0.0","500"
"301R6345","코스피200 P 202106 345.0",,,,,,"31.10","53.80","0","0.0","0"
"301R6350","코스피200 P 202106 350.0",,,,,,"31.10","57.10","0","0.0","0"
"301R6355","코스피200 P 202106 355.0",,,,,,"31.10","60.85","0","0.0","0"
"301R6360","코스피200 P 202106 360.0",,,,,,"31.10","64.60","0","0.0","0"
"301R6365","코스피200 P 202106 365.0",,,,,,"31.10","68.35","0","0.0","0"
"301R6370","코스피200 P 202106 370.0",,,,,,"31.10","72.10","0","0.0","0"
"301R6375","코스피200 P 202106 375.0",,,,,,"31.10","75.85","0","0.0","0"
"301R6380","코스피200 P 202106 380.0",,,,,,"31.10","79.75","0","0.0","0"
"301R6385","코스피200 P 202106 385.0",,,,,,"31.10","83.95","0","0.0","0"
"301RC140","코스피200 P 202112 140.0","1.23","-0.06","1.26","1.26","1.23","39.40","1.23","25","8.0","1251"
"301RC150","코스피200 P 202112 150.0","1.47","-0.13","1.53","1.53","1.47","37.50","1.47","8","3.0","215"
"301RC160","코스피200 P 202112 160.0","1.80","-0.10","1.80","1.80","1.80","36.10","1.80","1","0.0","161"
"301RC170","코스피200 P 202112 170.0",,,,,,"34.70","2.21","0","0.0","220"
"301RC180","코스피200 P 202112 180.0",,,,,,"33.30","2.74","0","0.0","174"
"301RC190","코스피200 P 202112 190.0","3.24","-0.20","3.24","3.24","3.24","31.90","3.24","3","2.0","6539"
"301RC200","코스피200 P 202112 200.0","3.86","-0.42","3.86","3.86","3.86","30.60","3.86","1","1.0","13376"
"301RC210","코스피200 P 202112 210.0","4.56","-0.49","4.64","4.66","4.54","29.20","4.56","13","15.0","4843"
"301RC220","코스피200 P 202112 220.0","5.51","-0.65","5.74","5.74","5.51","28.10","5.51","11","15.0","6745"
"301RC230","코스피200 P 202112 230.0","6.84","-0.32","6.84","6.84","6.84","27.10","6.84","1","2.0","14477"
"301RC240","코스피200 P 202112 240.0","7.90","-1.51","7.90","7.90","7.90","25.90","7.90","2","4.0","7372"
"301RC250","코스피200 P 202112 250.0",,,,,,"25.10","9.52","0","0.0","10419"
"301RC260","코스피200 P 202112 260.0","11.60","-3.75","11.60","11.60","11.60","24.30","11.60","201","553.0","5624"
"301RC270","코스피200 P 202112 270.0",,,,,,"24.30","14.75","0","0.0","4128"
"301RC280","코스피200 P 202112 280.0",,,,,,"24.30","18.45","150","622.0","6570"
"301RC290","코스피200 P 202112 290.0",,,,,,"24.30","22.70","0","0.0","3227"
"301RC300","코스피200 P 202112 300.0",,,,,,"24.30","27.15","0","0.0","2873"
"301RC310","코스피200 P 202112 310.0",,,,,,"24.30","32.55","0","0.0","605"
"301RC320","코스피200 P 202112 320.0",,,,,,"24.30","37.95","0","0.0","2821"
"301RC330","코스피200 P 202112 330.0",,,,,,"24.30","44.15","0","0.0","206"
"301RC340","코스피200 P 202112 340.0",,,,,,"24.30","50.65","0","0.0","32"
"301RC350","코스피200 P 202112 350.0",,,,,,"24.30","57.30","0","0.0","588"
"301RC360","코스피200 P 202112 360.0",,,,,,"24.30","64.75","0","0.0","525"
"301RC370","코스피200 P 202112 370.0",,,,,,"24.30","72.20","0","0.0","3074"
"301RC380","코스피200 P 202112 380.0",,,,,,"24.30","79.90","0","0.0","4"
"301S6210","코스피200 P 202206 210.0",,,,,,"27.58","6.79","0","0.0","15"
"301S6220","코스피200 P 202206 220.0",,,,,,"26.51","8.06","0","0.0","0"
"301S6230","코스피200 P 202206 230.0",,,,,,"25.50","9.48","0","0.0","0"
"301S6240","코스피200 P 202206 240.0",,,,,,"24.70","11.05","0","0.0","0"
"301S6250","코스피200 P 202206 250.0",,,,,,"24.10","13.45","0","0.0","0"
"301S6260","코스피200 P 202206 260.0",,,,,,"23.51","15.95","0","0.0","0"
"301S6270","코스피200 P 202206 270.0",,,,,,"23.31","19.20","0","0.0","0"
"301S6280","코스피200 P 202206 280.0",,,,,,"23.11","23.20","0","0.0","0"
"301S6290","코스피200 P 202206 290.0",,,,,,"22.92","27.20","0","0.0","0"
"301S6300","코스피200 P 202206 300.0",,,,,,"22.72","32.05","0","0.0","1500"
"301S6310","코스피200 P 202206 310.0",,,,,,"22.52","37.10","0","0.0","0"
"301S6320","코스피200 P 202206 320.0",,,,,,"22.33","42.35","0","0.0","0"
"301S6330","코스피200 P 202206 330.0",,,,,,"22.13","48.50","0","0.0","0"
"301S6340","코스피200 P 202206 340.0",,,,,,"21.93","54.60","0","0.0","0"
"301S6350","코스피200 P 202206 350.0",,,,,,"21.74","61.20","0","0.0","0"
"301S6360","코스피200 P 202206 360.0",,,,,,"21.54","68.30","0","0.0","0"
"301S6370","코스피200 P 202206 370.0",,,,,,"21.34","75.40","0","0.0","0"
"301S6380","코스피200 P 202206 380.0",,,,,,"21.15","83.10","0","0.0","0"
"301SC140","코스피200 P 202212 140.0","2.33","-0.11","2.42","2.42","2.30","33.20","2.33","56","33.0","717"
"301SC150","코스피200 P 202212 150.0",,,,,,"32.16","3.03","0","0.0","26"
"301SC160","코스피200 P 202212 160.0",,,,,,"31.13","3.67","0","0.0","42"
"301SC170","코스피200 P 202212 170.0",,,,,,"30.10","4.29","0","0.0","280"
"301SC180","코스피200 P 202212 180.0",,,,,,"29.06","5.27","0","0.0","1668"
"301SC190","코스피200 P 202212 190.0",,,,,,"28.03","6.22","0","0.0","513"
"301SC200","코스피200 P 202212 200.0",,,,,,"27.00","7.12","0","0.0","1948"
"301SC210","코스피200 P 202212 210.0",,,,,,"25.96","8.30","0","0.0","4268"
"301SC220","코스피200 P 202212 220.0",,,,,,"24.93","9.65","0","0.0","2363"
"301SC230","코스피200 P 202212 230.0","11.00","-0.20","11.00","11.00","11.00","23.90","11.00","2","6.0","2634"
"301SC240","코스피200 P 202212 240.0",,,,,,"23.50","13.20","0","0.0","3892"
"301SC250","코스피200 P 202212 250.0",,,,,,"23.11","15.95","0","0.0","2812"
"301SC260","코스피200 P 202212 260.0",,,,,,"22.72","18.65","0","0.0","2901"
"301SC270","코스피200 P 202212 270.0",,,,,,"22.32","22.05","0","0.0","2"
"301SC280","코스피200 P 202212 280.0",,,,,,"21.93","25.75","0","0.0","1051"
"301SC290","코스피200 P 202212 290.0",,,,,,"21.54","29.35","0","0.0","208"
"301SC300","코스피200 P 202212 300.0",,,,,,"21.14","34.00","0","0.0","18"
"301SC310","코스피200 P 202212 310.0",,,,,,"20.75","38.70","0","0.0","3"
"301SC320","코스피200 P 202212 320.0",,,,,,"20.36","43.60","0","0.0","9"
"301SC330","코스피200 P 202212 330.0",,,,,,"19.96","49.30","0","0.0","3"
"301SC340","코스피200 P 202212 340.0",,,,,,"19.57","55.00","0","0.0","0"
"301SC350","코스피200 P 202212 350.0",,,,,,"19.18","61.20","0","0.0","45"
"301SC360","코스피200 P 202212 360.0",,,,,,"18.78","67.90","0","0.0","16"
"301SC370","코스피200 P 202212 370.0",,,,,,"18.39","74.55","0","0.0","622"
"301SC380","코스피200 P 202212 380.0","82.05","-5.90","83.25","83.25","82.05","18.00","82.05","28","576.0","86"