종목코드,종목명,종가,대비,시가,고가,저가,내재변동성,익일정산가,거래량,거래대금,미결제약정
"201T6160","코스피200 C 202306 160.0",,,,,,"16.00","177.25","0","0.0","658"
"201T6162","코스피200 C 202306 162.5",,,,,,"16.00","174.80","0","0.0","0"
"201T6165","코스피200 C 202306 165.0",,,,,,"16.00","172.30","0","0.0","2"
"201T6167","코스피200 C 202306 167.5",,,,,,"16.00","169.80","0","0.0","0"
"201T6170","코스피200 C 202306 170.0",,,,,,"16.00","167.30","0","0.0","3"
"201T6172","코스피200 C 202306 172.5",,,,,,"16.00","164.80","0","0.0","0"
"201T6175","코스피200 C 202306 175.0",,,,,,"16.00","162.30","0","0.0","0"
"201T6177","코스피200 C 202306 177.5",,,,,,"16.00","159.80","0","0.0","0"
"201T6180","코스피200 C 202306 180.0",,,,,,"16.00","157.30","0","0.0","121"
"201T6182","코스피200 C 202306 182.5",,,,,,"16.00","154.80","0","0.0","0"
"201T6185","코스피200 C 202306 185.0",,,,,,"16.00","152.30","0","0.0","3"
"201T6187","코스피200 C 202306 187.5",,,,,,"16.00","149.80","0","0.0","0"
"201T6190","코스피200 C 202306 190.0",,,,,,"16.00","147.30","0","0.0","29"
"201T6192","코스피200 C 202306 192.5",,,,,,"16.00","144.80","0","0.0","0"
"201T6195","코스피200 C 202306 195.0",,,,,,"16.00","142.30","0","0.0","0"
"201T6197","코스피200 C 202306 197.5",,,,,,"16.00","139.80","0","0.0","0"
"201T6200","코스피200 C 202306 200.0",,,,,,"16.00","137.30","0","0.0","1201"
"201T6202","코스피200 C 202306 202.5",,,,,,"16.00","134.80","0","0.0","0"
"201T6205","코스피200 C 202306 205.0",,,,,,"16.00","132.30","0","0.0","0"
"201T6207","코스피200 C 202306 207.5",,,,,,"16.00","129.80","0","0.0","0"
"201T6210","코스피200 C 202306 210.0",,,,,,"16.00","127.35","0","0.0","0"
"201T6212","코스피200 C 202306 212.5",,,,,,"16.00","124.85","0","0.0","0"
"201T6215","코스피200 C 202306 215.0",,,,,,"16.00","122.35","0","0.0","0"
"201T6217","코스피200 C 202306 217.5",,,,,,"16.00","119.85","0","0.0","0"
"201T6220","코스피200 C 202306 220.0",,,,,,"16.00","117.35","0","0.0","0"
"201T6222","코스피200 C 202306 222.5",,,,,,"16.00","114.85","0","0.0","1"
"201T6225","코스피200 C 202306 225.0",,,,,,"16.00","112.35","0","0.0","0"
"201T6227","코스피200 C 202306 227.5",,,,,,"16.00","109.85","0","0.0","0"
"201T6230","코스피200 C 202306 230.0",,,,,,"16.00","107.35","0","0.0","41"
"201T6232","코스피200 C 202306 232.5",,,,,,"16.00","104.85","0","0.0","0"
"201T6235","코스피200 C 202306 235.0",,,,,,"16.00","102.35","0","0.0","21"
"201T6237","코스피200 C 202306 237.5",,,,,,"16.00","99.85","0","0.0","0"
"201T6240","코스피200 C 202306 240.0",,,,,,"16.00","97.35","0","0.0","0"
"201T6242","코스피200 C 202306 242.5",,,,,,"16.00","94.85","0","0.0","0"
"201T6245","코스피200 C 202306 245.0",,,,,,"16.00","92.35","0","0.0","0"
"201T6247","코스피200 C 202306 247.5",,,,,,"16.00","89.85","0","0.0","0"
"201T6250","코스피200 C 202306 250.0",,,,,,"16.00","87.35","0","0.0","55"
"201T6252","코스피200 C 202306 252.5",,,,,,"16.00","84.85","0","0.0","0"
"201T6255","코스피200 C 202306 255.0",,,,,,"16.00","82.35","0","0.0","0"
"201T6257","코스피200 C 202306 257.5",,,,,,"16.00","79.85","0","0.0","0"
"201T6260","코스피200 C 202306 260.0",,,,,,"16.00","77.40","0","0.0","5705"
"201T6262","코스피200 C 202306 262.5",,,,,,"16.00","74.90","0","0.0","0"
"201T6265","코스피200 C 202306 265.0",,,,,,"16.00","72.40","0","0.0","0"
"201T6267","코스피200 C 202306 267.5",,,,,,"16.00","69.90","0","0.0","0"
"201T6270","코스피200 C 202306 270.0",,,,,,"16.00","67.40","0","0.0","34"
"201T6272","코스피200 C 202306 272.5",,,,,,"16.00","64.90","0","0.0","0"
"201T6275","코스피200 C 202306 275.0",,,,,,"16.00","62.40","0","0.0","2"
"201T6277","코스피200 C 202306 277.5",,,,,,"16.00","59.90","0","0.0","0"
"201T6280","코스피200 C 202306 280.0",,,,,,"16.00","57.40","0","0.0","1751"
"201T6282","코스피200 C 202306 282.5",,,,,,"16.00","54.90","0","0.0","0"
"201T6285","코스피200 C 202306 285.0",,,,,,"16.00","52.40","0","0.0","3014"
"201T6287","코스피200 C 202306 287.5",,,,,,"16.00","49.90","0","0.0","100"
"201T6290","코스피200 C 202306 290.0",,,,,,"16.00","47.40","0","0.0","5736"
"201T6292","코스피200 C 202306 292.5",,,,,,"16.00","44.90","0","0.0","100"
"201T6295","코스피200 C 202306 295.0",,,,,,"16.00","42.40","0","0.0","1103"
"201T6297","코스피200 C 202306 297.5",,,,,,"16.00","39.90","0","0.0","100"
"201T6300","코스피200 C 202306 300.0",,,,,,"16.00","37.40","0","0.0","6690"
"201T6302","코스피200 C 202306 302.5",,,,,,"16.00","34.90","0","0.0","237"
"201T6305","코스피200 C 202306 305.0","32.00","1.20","32.50","32.75","32.00","16.00","32.00","4","32.0","1770"
"201T6307","코스피200 C 202306 307.5","30.10","1.80","30.10","30.10","30.10","16.00","30.10","1","8.0","1615"
"201T6310","코스피200 C 202306 310.0","27.90","1.90","27.00","27.90","27.00","16.00","27.90","13","89.0","8091"
"201T6312","코스피200 C 202306 312.5","25.45","2.15","25.45","25.45","25.45","16.00","25.45","2","13.0","3579"
"201T6315","코스피200 C 202306 315.0","22.75","1.55","22.75","22.75","22.75","3.00","22.75","1","6.0","6902"
"201T6317","코스피200 C 202306 317.5","20.60","2.05","19.40","20.60","19.40","3.00","20.60","2","10.0","1277"
"201T6320","코스피200 C 202306 320.0","17.25","1.55","17.10","17.85","17.00","8.00","17.25","24","104.0","12193"
"201T6322","코스피200 C 202306 322.5","15.00","0.90","14.40","16.00","14.40","8.00","15.00","17","64.0","2086"
"201T6325","코스피200 C 202306 325.0","12.50","0.80","12.35","13.55","12.00","8.00","12.50","85","271.0","13804"
"201T6327","코스피200 C 202306 327.5","10.50","1.15","9.64","11.25","9.56","12.50","10.50","172","449.0","12130"
"201T6330","코스피200 C 202306 330.0","8.63","1.23","7.45","9.05","7.45","14.00","8.63","608","1264.0","24805"
"201T6332","코스피200 C 202306 332.5","6.31","0.66","5.73","7.09","5.46","12.00","6.31","2230","3503.0","16133"
"201T6335","코스피200 C 202306 335.0","4.79","0.81","4.13","5.30","3.89","12.80","4.79","10503","11937.0","23354"
"201T6337","코스피200 C 202306 337.5","3.29","0.61","2.83","3.75","2.61","12.30","3.29","36481","28782.0","24784"
"201T6340","코스피200 C 202306 340.0","2.15","0.43","1.77","2.51","1.66","12.10","2.15","91918","47726.0","32593"
"201T6342","코스피200 C 202306 342.5","1.31","0.26","1.12","1.58","1.00","12.00","1.31","139726","44459.0","31785"
"201T6345","코스피200 C 202306 345.0","0.75","0.15","0.62","0.94","0.57","11.90","0.75","128025","23719.0","28432"
"201T6347","코스피200 C 202306 347.5","0.41","0.08","0.34","0.53","0.31","12.00","0.41","84509","8666.0","32556"
"201T6350","코스피200 C 202306 350.0","0.21","0.03","0.20","0.28","0.16","12.00","0.21","65631","3653.0","36620"
"201T6352","코스피200 C 202306 352.5","0.11","0.01","0.09","0.15","0.09","12.30","0.11","30517","897.0","20566"
"201T6355","코스피200 C 202306 355.0","0.07","0.01","0.06","0.08","0.05","12.80","0.07","27869","450.0","37949"
"201T6357","코스피200 C 202306 357.5","0.03","-0.01","0.04","0.05","0.03","12.70","0.03","5179","50.0","14331"
"201T6360","코스피200 C 202306 360.0","0.02","0.00","0.02","0.03","0.02","13.40","0.02","1002","5.0","20758"
"201T6362","코스피200 C 202306 362.5","0.02","0.01","0.01","0.02","0.01","14.70","0.02","542","2.0","10495"
"201T6365","코스피200 C 202306 365.0","0.01","0.00","0.01","0.02","0.01","14.90","0.01","2927","8.0","16497"
"201T6367","코스피200 C 202306 367.5","0.01","0.00","0.01","0.01","0.01","16.10","0.01","2385","6.0","10669"
"201T6370","코스피200 C 202306 370.0",,,,,,"17.08","0.01","1","0.0","18163"
"201T6372","코스피200 C 202306 372.5",,,,,,"18.06","0.01","0","0.0","8998"
"201T6375","코스피200 C 202306 375.0",,,,,,"19.05","0.01","0","0.0","7631"
"201T6377","코스피200 C 202306 377.5",,,,,,"20.03","0.01","0","0.0","331"
"201T6380","코스피200 C 202306 380.0",,,,,,"21.02","0.01","0","0.0","9475"
"201T6382","코스피200 C 202306 382.5",,,,,,"22.00","0.01","0","0.0","358"
"201T6385","코스피200 C 202306 385.0",,,,,,"22.99","0.01","0","0.0","2014"
"201T6387","코스피200 C 202306 387.5",,,,,,"23.97","0.01","0","0.0","143"
"201T6390","코스피200 C 202306 390.0",,,,,,"24.96","0.01","1","0.0","8049"
"201T6392","코스피200 C 202306 392.5",,,,,,"25.94","0.01","0","0.0","148"
"201T6395","코스피200 C 202306 395.0",,,,,,"26.93","0.01","0","0.0","351"
"201T6397","코스피200 C 202306 397.5",,,,,,"27.91","0.01","0","0.0","82"
"201T6400","코스피200 C 202306 400.0",,,,,,"28.90","0.01","0","0.0","6329"
"201T6402","코스피200 C 202306 402.5",,,,,,"29.88","0.01","0","0.0","38"
"201T6405","코스피200 C 202306 405.0",,,,,,"30.87","0.01","0","0.0","402"
"201T6407","코스피200 C 202306 407.5",,,,,,"31.85","0.01","0","0.0","30"
"201T6410","코스피200 C 202306 410.0",,,,,,"32.84","0.01","0","0.0","953"
"201T6412","코스피200 C 202306 412.5",,,,,,"33.82","0.01","0","0.0","4"
"201T6415","코스피200 C 202306 415.0",,,,,,"34.81","0.01","0","0.0","280"
"201T6417","코스피200 C 202306 417.5",,,,,,"35.79","0.01","0","0.0","2"
"201T6420","코스피200 C 202306 420.0",,,,,,"36.78","0.01","0","0.0","3796"
"201T6422","코스피200 C 202306 422.5",,,,,,"37.76","0.01","0","0.0","2"
"201T6425","코스피200 C 202306 425.0",,,,,,"38.75","0.01","0","0.0","321"
"201T6427","코스피200 C 202306 427.5",,,,,,"39.73","0.01","0","0.0","2"
"201T6430","코스피200 C 202306 430.0",,,,,,"40.72","0.01","0","0.0","4053"
"201T6432","코스피200 C 202306 432.5",,,,,,"41.70","0.01","0","0.0","0"
"201T6435","코스피200 C 202306 435.0",,,,,,"42.69","0.01","0","0.0","87"
"201T6437","코스피200 C 202306 437.5",,,,,,"43.67","0.01","0","0.0","0"
"201T6440","코스피200 C 202306 440.0",,,,,,"44.66","0.01","0","0.0","75"
"201T6442","코스피200 C 202306 442.5",,,,,,"45.64","0.01","0","0.0","1"
"201T6445","코스피200 C 202306 445.0",,,,,,"46.63","0.01","0","0.0","38"
"201T6447","코스피200 C 202306 447.5",,,,,,"47.61","0.01","0","0.0","2"
"201T6450","코스피200 C 202306 450.0","0.01","0.00","0.01","0.01","0.01","48.60","0.01","1","0.0","971"
"201T6452","코스피200 C 202306 452.5",,,,,,"48.60","0.01","0","0.0","5"
"201T6455","코스피200 C 202306 455.0",,,,,,"48.60","0.01","0","0.0","50"
"201T6457","코스피200 C 202306 457.5",,,,,,"48.60","0.01","0","0.0","8"
"201T6460","코스피200 C 202306 460.0",,,,,,"48.60","0.01","0","0.0","767"
"201T6462","코스피200 C 202306 462.5",,,,,,"48.60","0.01","0","0.0","0"
"201T6465","코스피200 C 202306 465.0",,,,,,"48.60","0.01","0","0.0","71"
"201T6467","코스피200 C 202306 467.5",,,,,,"48.60","0.01","0","0.0","1"
"201T6470","코스피200 C 202306 470.0",,,,,,"48.60","0.01","0","0.0","1591"
"201T6472","코스피200 C 202306 472.5",,,,,,"48.60","0.01","0","0.0","0"
"201T6475","코스피200 C 202306 475.0",,,,,,"48.60","0.01","0","0.0","26"
"201T6477","코스피200 C 202306 477.5",,,,,,"48.60","0.01","0","0.0","0"
"201T6480","코스피200 C 202306 480.0",,,,,,"48.60","0.01","0","0.0","29"
"201T6482","코스피200 C 202306 482.5",,,,,,"48.60","0.01","0","0.0","1"
"201T6485","코스피200 C 202306 485.0",,,,,,"48.60","0.01","0","0.0","160"
"201T6487","코스피200 C 202306 487.5",,,,,,"48.60","0.01","0","0.0","0"
"201T6490","코스피200 C 202306 490.0",,,,,,"48.60","0.01","0","0.0","115"
"201T6492","코스피200 C 202306 492.5",,,,,,"48.60","0.01","0","0.0","0"
"201T6495","코스피200 C 202306 495.0",,,,,,"48.60","0.01","0","0.0","16"
"201T6497","코스피200 C 202306 497.5",,,,,,"48.60","0.01","0","0.0","101"
"201T6500","코스피200 C 202306 500.0",,,,,,"48.60","0.01","0","0.0","81"
"201T6502","코스피200 C 202306 502.5",,,,,,"48.60","0.01","0","0.0","2"
"201T6505","코스피200 C 202306 505.0",,,,,,"48.60","0.01","0","0.0","29"
"201T6507","코스피200 C 202306 507.5",,,,,,"48.60","0.01","0","0.0","0"
"201T6510","코스피200 C 202306 510.0",,,,,,"48.60","0.01","0","0.0","31"
"201T6512","코스피200 C 202306 512.5",,,,,,"48.60","0.01","0","0.0","2"
"201T6515","코스피200 C 202306 515.0",,,,,,"48.60","0.01","0","0.0","43"
"201T6517","코스피200 C 202306 517.5",,,,,,"48.60","0.01","0","0.0","4"
"201T6520","코스피200 C 202306 520.0",,,,,,"48.60","0.01","0","0.0","934"
"201T7185","코스피200 C 202307 185.0",,,,,,"3.00","151.90","0","0.0","0"
"201T7187","코스피200 C 202307 187.5",,,,,,"3.00","149.40","0","0.0","0"
"201T7190","코스피200 C 202307 190.0",,,,,,"3.00","146.90","0","0.0","0"
"201T7192","코스피200 C 202307 192.5",,,,,,"3.00","144.45","0","0.0","0"
"201T7195","코스피200 C 202307 195.0",,,,,,"3.00","141.95","0","0.0","0"
"201T7197","코스피200 C 202307 197.5",,,,,,"3.00","139.45","0","0.0","0"
"201T7200","코스피200 C 202307 200.0",,,,,,"3.00","136.95","0","0.0","0"
"201T7202","코스피200 C 202307 202.5",,,,,,"3.00","134.50","0","0.0","0"
"201T7205","코스피200 C 202307 205.0",,,,,,"3.00","132.00","0","0.0","0"
"201T7207","코스피200 C 202307 207.5",,,,,,"3.00","129.50","0","0.0","0"
"201T7210","코스피200 C 202307 210.0",,,,,,"3.00","127.00","0","0.0","0"
"201T7212","코스피200 C 202307 212.5",,,,,,"3.00","124.50","0","0.0","0"
"201T7215","코스피200 C 202307 215.0",,,,,,"3.00","122.05","0","0.0","0"
"201T7217","코스피200 C 202307 217.5",,,,,,"3.00","119.55","0","0.0","0"
"201T7220","코스피200 C 202307 220.0",,,,,,"3.00","117.05","0","0.0","0"
"201T7222","코스피200 C 202307 222.5",,,,,,"3.00","114.55","0","0.0","0"
"201T7225","코스피200 C 202307 225.0",,,,,,"3.00","112.10","0","0.0","0"
"201T7227","코스피200 C 202307 227.5",,,,,,"3.00","109.60","0","0.0","1"
"201T7230","코스피200 C 202307 230.0",,,,,,"3.00","107.10","0","0.0","0"
"201T7232","코스피200 C 202307 232.5",,,,,,"3.00","104.60","0","0.0","0"
"201T7235","코스피200 C 202307 235.0",,,,,,"3.00","102.15","0","0.0","0"
"201T7237","코스피200 C 202307 237.5",,,,,,"3.00","99.65","0","0.0","0"
"201T7240","코스피200 C 202307 240.0",,,,,,"3.00","97.15","0","0.0","0"
"201T7242","코스피200 C 202307 242.5",,,,,,"3.00","94.65","0","0.0","0"
"201T7245","코스피200 C 202307 245.0",,,,,,"3.00","92.15","0","0.0","0"
"201T7247","코스피200 C 202307 247.5",,,,,,"3.00","89.70","0","0.0","0"
"201T7250","코스피200 C 202307 250.0",,,,,,"3.00","87.20","0","0.0","34"
"201T7252","코스피200 C 202307 252.5",,,,,,"3.00","84.70","0","0.0","0"
"201T7255","코스피200 C 202307 255.0",,,,,,"3.00","82.20","0","0.0","0"
"201T7257","코스피200 C 202307 257.5",,,,,,"3.00","79.75","0","0.0","0"
"201T7260","코스피200 C 202307 260.0",,,,,,"3.00","77.25","0","0.0","0"
"201T7262","코스피200 C 202307 262.5",,,,,,"3.00","74.75","0","0.0","0"
"201T7265","코스피200 C 202307 265.0",,,,,,"3.00","72.25","0","0.0","0"
"201T7267","코스피200 C 202307 267.5",,,,,,"3.00","69.80","0","0.0","0"
"201T7270","코스피200 C 202307 270.0",,,,,,"3.00","67.30","0","0.0","0"
"201T7272","코스피200 C 202307 272.5",,,,,,"3.00","64.80","0","0.0","0"
"201T7275","코스피200 C 202307 275.0",,,,,,"3.00","62.30","0","0.0","3"
"201T7277","코스피200 C 202307 277.5",,,,,,"3.00","59.80","0","0.0","0"
"201T7280","코스피200 C 202307 280.0",,,,,,"3.00","57.35","0","0.0","6"
"201T7282","코스피200 C 202307 282.5",,,,,,"3.00","54.85","0","0.0","0"
"201T7285","코스피200 C 202307 285.0",,,,,,"3.00","52.35","0","0.0","5"
"201T7287","코스피200 C 202307 287.5",,,,,,"3.00","49.85","0","0.0","0"
"201T7290","코스피200 C 202307 290.0",,,,,,"3.00","47.40","0","0.0","0"
"201T7292","코스피200 C 202307 292.5",,,,,,"3.00","44.90","0","0.0","0"
"201T7295","코스피200 C 202307 295.0","43.00","1.60","42.20","43.00","42.20","3.00","43.00","5","53.0","11"
"201T7297","코스피200 C 202307 297.5",,,,,,"5.16","39.90","0","0.0","0"
"201T7300","코스피200 C 202307 300.0",,,,,,"7.33","37.45","0","0.0","3"
"201T7302","코스피200 C 202307 302.5",,,,,,"9.50","34.95","0","0.0","0"
"201T7305","코스피200 C 202307 305.0",,,,,,"11.66","32.50","0","0.0","30"
"201T7307","코스피200 C 202307 307.5",,,,,,"13.83","30.10","0","0.0","1"
"201T7310","코스피200 C 202307 310.0","28.15","1.15","27.60","28.30","27.40","16.00","28.15","9","63.0","1063"
"201T7312","코스피200 C 202307 312.5",,,,,,"15.66","25.60","0","0.0","2"
"201T7315","코스피200 C 202307 315.0",,,,,,"15.33","23.30","0","0.0","1208"
"201T7317","코스피200 C 202307 317.5",,,,,,"15.00","21.05","0","0.0","8"
"201T7320","코스피200 C 202307 320.0",,,,,,"14.66","18.80","0","0.0","2187"
"201T7322","코스피200 C 202307 322.5",,,,,,"14.33","16.70","0","0.0","89"
"201T7325","코스피200 C 202307 325.0","14.95","1.00","14.95","14.95","14.95","14.00","14.95","1","4.0","3482"
"201T7327","코스피200 C 202307 327.5",,,,,,"13.90","12.70","0","0.0","348"
"201T7330","코스피200 C 202307 330.0","11.20","0.70","10.60","11.20","10.60","13.80","11.20","10","28.0","2548"
"201T7332","코스피200 C 202307 332.5","9.52","0.20","9.01","10.05","8.90","14.00","9.52","41","99.0","1446"
"201T7335","코스피200 C 202307 335.0","8.12","0.57","7.56","8.64","7.40","13.60","8.12","66","134.0","3345"
"201T7337","코스피200 C 202307 337.5","6.81","0.59","6.33","7.26","6.33","13.50","6.81","104","180.0","2149"
"201T7340","코스피200 C 202307 340.0","5.56","0.47","5.08","5.99","5.08","13.40","5.56","122","172.0","4691"
"201T7342","코스피200 C 202307 342.5","4.51","0.40","4.20","4.88","4.10","13.40","4.51","277","311.0","1454"
"201T7345","코스피200 C 202307 345.0","3.62","0.34","3.31","3.94","3.22","13.30","3.62","284","258.0","5332"
"201T7347","코스피200 C 202307 347.5","2.89","0.37","2.63","3.12","2.60","13.40","2.89","589","420.0","3459"
"201T7350","코스피200 C 202307 350.0","2.32","0.31","2.06","2.46","1.97","13.40","2.32","1020","565.0","8450"
"201T7352","코스피200 C 202307 352.5","1.74","0.19","1.56","1.90","1.50","13.30","1.74","614","264.0","3174"
"201T7355","코스피200 C 202307 355.0","1.37","0.22","1.21","1.45","1.13","13.40","1.37","929","307.0","3873"
"201T7357","코스피200 C 202307 357.5","1.03","0.21","0.90","1.10","0.88","13.40","1.03","1335","333.0","3916"
"201T7360","코스피200 C 202307 360.0","0.78","0.15","0.65","0.82","0.61","13.40","0.78","2412","441.0","9756"
"201T7362","코스피200 C 202307 362.5","0.55","0.09","0.47","0.59","0.46","13.40","0.55","1499","199.0","8199"
"201T7365","코스피200 C 202307 365.0","0.41","0.09","0.33","0.43","0.32","13.40","0.41","2104","199.0","5559"
"201T7367","코스피200 C 202307 367.5","0.28","0.04","0.24","0.30","0.23","13.30","0.28","730","50.0","1785"
"201T7370","코스피200 C 202307 370.0","0.20","0.03","0.17","0.21","0.17","13.30","0.20","1828","90.0","2312"
"201T7372","코스피200 C 202307 372.5","0.15","0.03","0.12","0.15","0.12","13.50","0.15","1116","38.0","1152"
"201T7375","코스피200 C 202307 375.0","0.09","0.01","0.08","0.11","0.08","13.20","0.09","390","9.0","1704"
"201T7377","코스피200 C 202307 377.5","0.07","0.01","0.06","0.08","0.06","13.40","0.07","378","7.0","1662"
"201T7380","코스피200 C 202307 380.0","0.06","0.01","0.04","0.06","0.04","13.90","0.06","240","3.0","3800"
"201T7382","코스피200 C 202307 382.5","0.03","-0.01","0.04","0.04","0.03","13.40","0.03","80","1.0","332"
"201T7385","코스피200 C 202307 385.0","0.03","0.00","0.03","0.03","0.03","13.90","0.03","4","0.0","696"
"201T7387","코스피200 C 202307 387.5","0.02","0.00","0.02","0.02","0.02","14.10","0.02","41","0.0","171"
"201T7390","코스피200 C 202307 390.0","0.02","0.00","0.02","0.02","0.01","14.80","0.02","370","2.0","487"
"201T7392","코스피200 C 202307 392.5",,,,,,"14.85","0.01","0","0.0","251"
"201T7395","코스피200 C 202307 395.0","0.01","0.00","0.01","0.01","0.01","14.90","0.01","51","0.0","136"
"201T7397","코스피200 C 202307 397.5",,,,,,"15.50","0.01","0","0.0","95"
"201T7400","코스피200 C 202307 400.0","0.01","0.00","0.01","0.01","0.01","16.10","0.01","1","0.0","93"
"201T7402","코스피200 C 202307 402.5",,,,,,"16.60","0.01","0","0.0","239"
"201T7405","코스피200 C 202307 405.0",,,,,,"17.10","0.01","0","0.0","39"
"201T7407","코스피200 C 202307 407.5",,,,,,"17.60","0.01","0","0.0","35"
"201T7410","코스피200 C 202307 410.0",,,,,,"18.10","0.01","0","0.0","31"
"201T7412","코스피200 C 202307 412.5",,,,,,"18.60","0.01","0","0.0","3"
"201T7415","코스피200 C 202307 415.0",,,,,,"19.10","0.01","0","0.0","21"
"201T7417","코스피200 C 202307 417.5",,,,,,"19.60","0.01","0","0.0","3"
"201T7420","코스피200 C 202307 420.0",,,,,,"20.10","0.01","0","0.0","22"
"201T7422","코스피200 C 202307 422.5",,,,,,"20.60","0.01","0","0.0","7"
"201T7425","코스피200 C 202307 425.0",,,,,,"21.10","0.01","0","0.0","4"
"201T7427","코스피200 C 202307 427.5",,,,,,"21.60","0.01","0","0.0","1"
"201T7430","코스피200 C 202307 430.0","0.01","0.00","0.01","0.01","0.01","22.10","0.01","1","0.0","21"
"201T7432","코스피200 C 202307 432.5",,,,,,"22.56","0.01","0","0.0","5"
"201T7435","코스피200 C 202307 435.0",,,,,,"23.02","0.01","0","0.0","19"
"201T7437","코스피200 C 202307 437.5",,,,,,"23.48","0.01","0","0.0","37"
"201T7440","코스피200 C 202307 440.0",,,,,,"23.95","0.01","0","0.0","13"
"201T7442","코스피200 C 202307 442.5",,,,,,"24.41","0.01","0","0.0","1"
"201T7445","코스피200 C 202307 445.0",,,,,,"24.87","0.01","0","0.0","13"
"201T7447","코스피200 C 202307 447.5",,,,,,"25.33","0.01","0","0.0","5"
"201T7450","코스피200 C 202307 450.0","0.01","0.00","0.01","0.01","0.01","25.80","0.01","2","0.0","557"
"201T8185","코스피200 C 202308 185.0",,,,,,"15.50","152.45","0","0.0","0"
"201T8187","코스피200 C 202308 187.5",,,,,,"15.50","149.95","0","0.0","0"
"201T8190","코스피200 C 202308 190.0",,,,,,"15.50","147.45","0","0.0","0"
"201T8192","코스피200 C 202308 192.5",,,,,,"15.50","145.00","0","0.0","0"
"201T8195","코스피200 C 202308 195.0",,,,,,"15.50","142.50","0","0.0","0"
"201T8197","코스피200 C 202308 197.5",,,,,,"15.50","140.00","0","0.0","0"
"201T8200","코스피200 C 202308 200.0",,,,,,"15.50","137.55","0","0.0","0"
"201T8202","코스피200 C 202308 202.5",,,,,,"15.50","135.05","0","0.0","0"
"201T8205","코스피200 C 202308 205.0",,,,,,"15.50","132.60","0","0.0","0"
"201T8207","코스피200 C 202308 207.5",,,,,,"15.50","130.10","0","0.0","0"
"201T8210","코스피200 C 202308 210.0",,,,,,"15.50","127.60","0","0.0","0"
"201T8212","코스피200 C 202308 212.5",,,,,,"15.50","125.15","0","0.0","0"
"201T8215","코스피200 C 202308 215.0",,,,,,"15.50","122.65","0","0.0","0"
"201T8217","코스피200 C 202308 217.5",,,,,,"15.50","120.15","0","0.0","0"
"201T8220","코스피200 C 202308 220.0",,,,,,"15.50","117.70","0","0.0","0"
"201T8222","코스피200 C 202308 222.5",,,,,,"15.50","115.20","0","0.0","0"
"201T8225","코스피200 C 202308 225.0",,,,,,"15.50","112.75","0","0.0","0"
"201T8227","코스피200 C 202308 227.5",,,,,,"15.50","110.25","0","0.0","0"
"201T8230","코스피200 C 202308 230.0",,,,,,"15.50","107.75","0","0.0","0"
"201T8232","코스피200 C 202308 232.5",,,,,,"15.50","105.30","0","0.0","0"
"201T8235","코스피200 C 202308 235.0",,,,,,"15.50","102.80","0","0.0","0"
"201T8237","코스피200 C 202308 237.5",,,,,,"15.50","100.30","0","0.0","0"
"201T8240","코스피200 C 202308 240.0",,,,,,"15.50","97.85","0","0.0","0"
"201T8242","코스피200 C 202308 242.5",,,,,,"15.50","95.35","0","0.0","0"
"201T8245","코스피200 C 202308 245.0",,,,,,"15.50","92.85","0","0.0","0"
"201T8247","코스피200 C 202308 247.5",,,,,,"15.50","90.40","0","0.0","0"
"201T8250","코스피200 C 202308 250.0",,,,,,"15.50","87.90","0","0.0","0"
"201T8252","코스피200 C 202308 252.5",,,,,,"15.50","85.45","0","0.0","0"
"201T8255","코스피200 C 202308 255.0",,,,,,"15.50","82.95","0","0.0","0"
"201T8257","코스피200 C 202308 257.5",,,,,,"15.50","80.45","0","0.0","0"
"201T8260","코스피200 C 202308 260.0",,,,,,"15.50","78.00","0","0.0","0"
"201T8262","코스피200 C 202308 262.5",,,,,,"15.50","75.50","0","0.0","0"
"201T8265","코스피200 C 202308 265.0",,,,,,"15.50","73.00","0","0.0","0"
"201T8267","코스피200 C 202308 267.5",,,,,,"15.50","70.55","0","0.0","0"
"201T8270","코스피200 C 202308 270.0",,,,,,"15.50","68.05","0","0.0","0"
"201T8272","코스피200 C 202308 272.5",,,,,,"15.50","65.60","0","0.0","0"
"201T8275","코스피200 C 202308 275.0",,,,,,"15.50","63.10","0","0.0","0"
"201T8277","코스피200 C 202308 277.5",,,,,,"15.50","60.65","0","0.0","0"
"201T8280","코스피200 C 202308 280.0",,,,,,"15.50","58.15","0","0.0","0"
"201T8282","코스피200 C 202308 282.5",,,,,,"15.50","55.70","0","0.0","0"
"201T8285","코스피200 C 202308 285.0",,,,,,"15.50","53.20","0","0.0","0"
"201T8287","코스피200 C 202308 287.5",,,,,,"15.50","50.75","0","0.0","0"
"201T8290","코스피200 C 202308 290.0",,,,,,"15.50","48.30","0","0.0","0"
"201T8292","코스피200 C 202308 292.5",,,,,,"15.50","45.85","0","0.0","0"
"201T8295","코스피200 C 202308 295.0",,,,,,"15.50","43.45","0","0.0","0"
"201T8297","코스피200 C 202308 297.5",,,,,,"15.50","41.05","0","0.0","0"
"201T8300","코스피200 C 202308 300.0",,,,,,"15.50","38.65","0","0.0","1"
"201T8302","코스피200 C 202308 302.5",,,,,,"15.50","36.30","0","0.0","0"
"201T8305","코스피200 C 202308 305.0",,,,,,"15.50","33.95","0","0.0","0"
"201T8307","코스피200 C 202308 307.5",,,,,,"15.50","31.65","0","0.0","0"
"201T8310","코스피200 C 202308 310.0",,,,,,"15.50","29.45","0","0.0","3"
"201T8312","코스피200 C 202308 312.5",,,,,,"15.50","27.25","0","0.0","0"
"201T8315","코스피200 C 202308 315.0","25.05","1.40","25.05","25.05","25.05","15.50","25.05","4","25.0","306"
"201T8317","코스피200 C 202308 317.5",,,,,,"15.33","23.05","0","0.0","6"
"201T8320","코스피200 C 202308 320.0",,,,,,"15.16","20.90","0","0.0","365"
"201T8322","코스피200 C 202308 322.5",,,,,,"15.00","19.00","0","0.0","15"
"201T8325","코스피200 C 202308 325.0",,,,,,"14.83","17.05","0","0.0","621"
"201T8327","코스피200 C 202308 327.5",,,,,,"14.66","15.20","0","0.0","15"
"201T8330","코스피200 C 202308 330.0",,,,,,"14.50","13.55","0","0.0","434"
"201T8332","코스피200 C 202308 332.5",,,,,,"14.33","11.85","0","0.0","6"
"201T8335","코스피200 C 202308 335.0",,,,,,"14.16","10.35","0","0.0","528"
"201T8337","코스피200 C 202308 337.5","9.37","0.78","9.36","9.54","9.34","14.00","9.37","27","64.0","57"
"201T8340","코스피200 C 202308 340.0","8.11","0.96","8.23","8.23","8.11","14.10","8.11","2","4.0","2060"
"201T8342","코스피200 C 202308 342.5",,,,,,"14.05","6.70","0","0.0","18"
"201T8345","코스피200 C 202308 345.0","5.68","0.49","5.91","5.91","5.68","14.00","5.68","6","9.0","289"
"201T8347","코스피200 C 202308 347.5","4.83","0.46","4.89","5.06","4.83","13.60","4.83","76","95.0","139"
"201T8350","코스피200 C 202308 350.0","4.05","0.33","4.05","4.15","4.05","13.80","4.05","31","32.0","1660"
"201T8352","코스피200 C 202308 352.5","3.40","0.37","3.55","3.55","3.40","13.70","3.40","91","79.0","268"
"201T8355","코스피200 C 202308 355.0","2.85","0.27","2.68","2.91","2.68","13.60","2.85","42","30.0","1230"
"201T8357","코스피200 C 202308 357.5","2.32","0.22","2.15","2.38","2.15","13.70","2.32","32","19.0","221"
"201T8360","코스피200 C 202308 360.0","1.86","0.20","1.75","1.98","1.75","13.40","1.86","1331","615.0","3076"
"201T8362","코스피200 C 202308 362.5","1.51","0.16","1.41","1.57","1.41","13.50","1.51","70","27.0","180"
"201T8365","코스피200 C 202308 365.0","1.18","0.09","1.27","1.27","1.18","13.60","1.18","64","20.0","397"
"201T8367","코스피200 C 202308 367.5","0.98","0.12","0.94","1.00","0.90","13.60","0.98","97","24.0","373"
"201T8370","코스피200 C 202308 370.0","0.75","0.09","0.68","0.80","0.68","13.60","0.75","185","35.0","987"
"201T8372","코스피200 C 202308 372.5","0.57","0.03","0.54","0.61","0.54","13.40","0.57","159","23.0","352"
"201T8375","코스피200 C 202308 375.0","0.44","0.04","0.41","0.48","0.41","13.40","0.44","61","7.0","594"
"201T8377","코스피200 C 202308 377.5","0.35","0.04","0.36","0.36","0.35","13.60","0.35","26","2.0","209"
"201T8380","코스피200 C 202308 380.0","0.26","0.03","0.24","0.28","0.24","13.50","0.26","61","4.0","1663"
"201T8382","코스피200 C 202308 382.5","0.21","0.01","0.19","0.22","0.19","13.60","0.21","21","1.0","168"
"201T8385","코스피200 C 202308 385.0","0.16","0.01","0.16","0.16","0.16","13.60","0.16","1","0.0","242"
"201T8387","코스피200 C 202308 387.5","0.12","0.00","0.12","0.12","0.12","13.60","0.12","1","0.0","52"
"201T8390","코스피200 C 202308 390.0","0.10","0.02","0.10","0.10","0.10","13.80","0.10","1","0.0","149"
"201T8392","코스피200 C 202308 392.5",,,,,,"13.95","0.06","0","0.0","47"
"201T8395","코스피200 C 202308 395.0","0.06","0.00","0.06","0.06","0.06","14.10","0.06","15","0.0","65"
"201T8397","코스피200 C 202308 397.5",,,,,,"14.00","0.03","0","0.0","30"
"201T8400","코스피200 C 202308 400.0","0.03","0.00","0.03","0.03","0.03","13.90","0.03","1","0.0","97"
"201T8402","코스피200 C 202308 402.5",,,,,,"14.10","0.02","0","0.0","20"
"201T8405","코스피200 C 202308 405.0","0.02","0.00","0.02","0.02","0.02","14.30","0.02","1","0.0","21"
"201T8407","코스피200 C 202308 407.5",,,,,,"14.70","0.02","0","0.0","1"
"201T8410","코스피200 C 202308 410.0","0.02","0.00","0.02","0.02","0.02","15.10","0.02","1","0.0","68"
"201T8412","코스피200 C 202308 412.5",,,,,,"15.42","0.01","0","0.0","16"
"201T8415","코스피200 C 202308 415.0",,,,,,"15.75","0.01","0","0.0","17"
"201T8417","코스피200 C 202308 417.5",,,,,,"16.08","0.01","0","0.0","0"
"201T8420","코스피200 C 202308 420.0",,,,,,"16.41","0.01","0","0.0","37"
"201T8422","코스피200 C 202308 422.5",,,,,,"16.73","0.01","0","0.0","0"
"201T8425","코스피200 C 202308 425.0",,,,,,"17.06","0.01","0","0.0","7"
"201T8427","코스피200 C 202308 427.5",,,,,,"17.39","0.01","0","0.0","2"
"201T8430","코스피200 C 202308 430.0",,,,,,"17.72","0.01","0","0.0","16"
"201T8432","코스피200 C 202308 432.5",,,,,,"18.05","0.01","0","0.0","0"
"201T8435","코스피200 C 202308 435.0",,,,,,"18.37","0.01","0","0.0","13"
"201T8437","코스피200 C 202308 437.5",,,,,,"18.70","0.01","0","0.0","0"
"201T8440","코스피200 C 202308 440.0",,,,,,"19.03","0.01","0","0.0","23"
"201T8442","코스피200 C 202308 442.5",,,,,,"19.36","0.01","0","0.0","0"
"201T8445","코스피200 C 202308 445.0",,,,,,"19.68","0.01","0","0.0","17"
"201T8447","코스피200 C 202308 447.5",,,,,,"20.01","0.01","0","0.0","0"
"201T8450","코스피200 C 202308 450.0",,,,,,"20.34","0.01","0","0.0","111"
"201T8452","코스피200 C 202308 452.5",,,,,,"20.67","0.01","0","0.0","0"
"201T8455","코스피200 C 202308 455.0","0.01","0.00","0.01","0.01","0.01","21.00","0.01","1","0.0","72"
"201T9160","코스피200 C 202309 160.0",,,,,,"14.50","177.80","0","0.0","20"
"201T9165","코스피200 C 202309 165.0",,,,,,"14.50","172.85","0","0.0","0"
"201T9170","코스피200 C 202309 170.0",,,,,,"14.50","167.90","0","0.0","0"
"201T9175","코스피200 C 202309 175.0",,,,,,"14.50","163.00","0","0.0","0"
"201T9180","코스피200 C 202309 180.0",,,,,,"14.50","158.05","0","0.0","0"
"201T9185","코스피200 C 202309 185.0",,,,,,"14.50","153.10","0","0.0","0"
"201T9190","코스피200 C 202309 190.0",,,,,,"14.50","148.15","0","0.0","0"
"201T9195","코스피200 C 202309 195.0",,,,,,"14.50","143.20","0","0.0","0"
"201T9200","코스피200 C 202309 200.0",,,,,,"14.50","138.25","0","0.0","200"
"201T9205","코스피200 C 202309 205.0",,,,,,"14.50","133.30","0","0.0","0"
"201T9210","코스피200 C 202309 210.0",,,,,,"14.50","128.35","0","0.0","0"
"201T9215","코스피200 C 202309 215.0",,,,,,"14.50","123.40","0","0.0","0"
"201T9220","코스피200 C 202309 220.0",,,,,,"14.50","118.45","0","0.0","0"
"201T9225","코스피200 C 202309 225.0",,,,,,"14.50","113.55","0","0.0","0"
"201T9230","코스피200 C 202309 230.0",,,,,,"14.50","108.60","0","0.0","0"
"201T9235","코스피200 C 202309 235.0",,,,,,"14.50","103.65","0","0.0","0"
"201T9240","코스피200 C 202309 240.0",,,,,,"14.50","98.70","0","0.0","0"
"201T9245","코스피200 C 202309 245.0",,,,,,"14.50","93.75","0","0.0","0"
"201T9250","코스피200 C 202309 250.0",,,,,,"14.50","88.80","0","0.0","0"
"201T9255","코스피200 C 202309 255.0",,,,,,"14.50","83.85","0","0.0","0"
"201T9260","코스피200 C 202309 260.0",,,,,,"14.50","78.90","0","0.0","0"
"201T9265","코스피200 C 202309 265.0",,,,,,"14.50","73.95","0","0.0","0"
"201T9270","코스피200 C 202309 270.0",,,,,,"14.50","69.05","0","0.0","200"
"201T9275","코스피200 C 202309 275.0",,,,,,"14.50","64.10","0","0.0","0"
"201T9280","코스피200 C 202309 280.0",,,,,,"14.50","59.20","0","0.0","0"
"201T9285","코스피200 C 202309 285.0",,,,,,"14.50","54.30","0","0.0","0"
"201T9290","코스피200 C 202309 290.0",,,,,,"14.50","49.45","0","0.0","3"
"201T9295","코스피200 C 202309 295.0",,,,,,"14.50","44.65","0","0.0","8"
"201T9300","코스피200 C 202309 300.0",,,,,,"14.50","39.95","0","0.0","3513"
"201T9305","코스피200 C 202309 305.0",,,,,,"14.50","35.40","0","0.0","4"
"201T9310","코스피200 C 202309 310.0",,,,,,"14.50","30.95","0","0.0","5061"
"201T9315","코스피200 C 202309 315.0",,,,,,"14.50","26.85","0","0.0","1818"
"201T9320","코스피200 C 202309 320.0",,,,,,"14.50","22.90","0","0.0","3410"
"201T9325","코스피200 C 202309 325.0",,,,,,"14.50","19.20","0","0.0","6862"
"201T9330","코스피200 C 202309 330.0",,,,,,"14.50","16.00","0","0.0","7731"
"201T9335","코스피200 C 202309 335.0","13.80","0.95","13.00","13.80","13.00","14.50","13.80","402","1277.0","4956"
"201T9340","코스피200 C 202309 340.0",,,,,,"14.36","10.35","200","524.0","7953"
"201T9345","코스피200 C 202309 345.0",,,,,,"14.23","8.11","0","0.0","1991"
"201T9350","코스피200 C 202309 350.0","6.46","0.43","6.03","6.46","6.03","14.10","6.46","7","11.0","9270"
"201T9355","코스피200 C 202309 355.0","4.82","0.42","4.60","4.82","4.60","13.90","4.82","4","5.0","3915"
"201T9360","코스피200 C 202309 360.0","3.51","0.26","3.55","3.55","3.51","13.80","3.51","19","17.0","14166"
"201T9365","코스피200 C 202309 365.0","2.59","0.22","2.59","2.59","2.56","13.90","2.59","32","21.0","7126"
"201T9370","코스피200 C 202309 370.0","1.80","0.13","1.75","1.86","1.75","13.80","1.80","2362","975.0","7774"
"201T9375","코스피200 C 202309 375.0","1.25","0.10","1.20","1.30","1.20","13.70","1.25","21","7.0","602"
"201T9380","코스피200 C 202309 380.0","0.83","0.05","0.82","0.83","0.82","13.80","0.83","3","1.0","6377"
"201T9385","코스피200 C 202309 385.0","0.54","0.04","0.54","0.54","0.54","13.80","0.54","4","1.0","265"
"201T9390","코스피200 C 202309 390.0","0.37","0.03","0.39","0.40","0.36","13.70","0.37","18","2.0","1180"
"201T9395","코스피200 C 202309 395.0",,,,,,"13.80","0.21","0","0.0","211"
"201T9400","코스피200 C 202309 400.0","0.16","0.01","0.17","0.17","0.16","13.90","0.16","2","0.0","8055"
"201T9405","코스피200 C 202309 405.0","0.11","0.01","0.11","0.11","0.11","14.10","0.11","2","0.0","367"
"201T9410","코스피200 C 202309 410.0",,,,,,"14.35","0.07","0","0.0","641"
"201T9415","코스피200 C 202309 415.0",,,,,,"14.60","0.05","0","0.0","122"
"201T9420","코스피200 C 202309 420.0",,,,,,"14.85","0.04","0","0.0","70"
"201T9425","코스피200 C 202309 425.0",,,,,,"15.10","0.03","0","0.0","28"
"201T9430","코스피200 C 202309 430.0",,,,,,"15.35","0.02","0","0.0","98"
"201T9435","코스피200 C 202309 435.0",,,,,,"15.60","0.01","0","0.0","59"
"201T9440","코스피200 C 202309 440.0",,,,,,"15.85","0.01","0","0.0","166"
"201T9445","코스피200 C 202309 445.0","0.01","0.00","0.01","0.01","0.01","16.10","0.01","2","0.0","135"
"201T9450","코스피200 C 202309 450.0",,,,,,"16.64","0.01","0","0.0","25"
"201T9455","코스피200 C 202309 455.0","0.01","0.00","0.01","0.01","0.01","17.20","0.01","2","0.0","93"
"201TA205","코스피200 C 202310 205.0",,,,,,"13.90","133.10","0","0.0","1"
"201TA210","코스피200 C 202310 210.0",,,,,,"13.90","128.15","0","0.0","0"
"201TA215","코스피200 C 202310 215.0",,,,,,"13.90","123.20","0","0.0","0"
"201TA220","코스피200 C 202310 220.0",,,,,,"13.90","118.30","0","0.0","0"
"201TA225","코스피200 C 202310 225.0",,,,,,"13.90","113.35","0","0.0","0"
"201TA230","코스피200 C 202310 230.0",,,,,,"13.90","108.45","0","0.0","0"
"201TA235","코스피200 C 202310 235.0",,,,,,"13.90","103.50","0","0.0","0"
"201TA240","코스피200 C 202310 240.0",,,,,,"13.90","98.55","0","0.0","0"
"201TA245","코스피200 C 202310 245.0",,,,,,"13.90","93.65","0","0.0","0"
"201TA250","코스피200 C 202310 250.0",,,,,,"13.90","88.70","0","0.0","0"
"201TA255","코스피200 C 202310 255.0",,,,,,"13.90","83.80","0","0.0","0"
"201TA260","코스피200 C 202310 260.0",,,,,,"13.90","78.85","0","0.0","0"
"201TA265","코스피200 C 202310 265.0",,,,,,"13.90","73.90","0","0.0","0"
"201TA270","코스피200 C 202310 270.0",,,,,,"13.90","69.00","0","0.0","0"
"201TA275","코스피200 C 202310 275.0",,,,,,"13.90","64.10","0","0.0","0"
"201TA280","코스피200 C 202310 280.0",,,,,,"13.90","59.20","0","0.0","0"
"201TA285","코스피200 C 202310 285.0",,,,,,"13.90","54.35","0","0.0","0"
"201TA290","코스피200 C 202310 290.0",,,,,,"13.90","49.55","0","0.0","0"
"201TA295","코스피200 C 202310 295.0",,,,,,"13.90","44.85","0","0.0","0"
"201TA300","코스피200 C 202310 300.0",,,,,,"13.90","40.20","0","0.0","0"
"201TA305","코스피200 C 202310 305.0",,,,,,"13.90","35.75","0","0.0","0"
"201TA310","코스피200 C 202310 310.0",,,,,,"13.90","31.45","0","0.0","0"
"201TA315","코스피200 C 202310 315.0",,,,,,"13.90","27.35","0","0.0","0"
"201TA320","코스피200 C 202310 320.0",,,,,,"13.90","23.55","0","0.0","0"
"201TA325","코스피200 C 202310 325.0",,,,,,"13.90","20.00","0","0.0","9"
"201TA330","코스피200 C 202310 330.0",,,,,,"13.90","16.75","0","0.0","502"
"201TA335","코스피200 C 202310 335.0",,,,,,"13.90","13.95","0","0.0","0"
"201TA340","코스피200 C 202310 340.0",,,,,,"13.90","11.30","0","0.0","3"
"201TA345","코스피200 C 202310 345.0",,,,,,"13.90","9.15","0","0.0","9"
"201TA350","코스피200 C 202310 350.0",,,,,,"13.90","7.25","0","0.0","810"
"201TA355","코스피200 C 202310 355.0",,,,,,"13.90","5.64","0","0.0","22"
"201TA360","코스피200 C 202310 360.0",,,,,,"13.90","4.39","0","0.0","1010"
"201TA365","코스피200 C 202310 365.0","3.53","0.32","3.24","3.53","3.24","13.90","3.53","27","24.0","92"
"201TA370","코스피200 C 202310 370.0","2.53","0.14","2.40","2.57","2.40","13.80","2.53","46","29.0","301"
"201TA375","코스피200 C 202310 375.0","1.86","0.15","1.77","1.90","1.77","13.80","1.86","53","25.0","220"
"201TA380","코스피200 C 202310 380.0","1.36","0.14","1.27","1.40","1.27","13.70","1.36","13","4.0","1687"
"201TA385","코스피200 C 202310 385.0","0.92","0.07","0.90","0.96","0.90","13.60","0.92","14","3.0","163"
"201TA390","코스피200 C 202310 390.0","0.64","0.03","0.68","0.68","0.64","13.70","0.64","3","1.0","299"
"201TA395","코스피200 C 202310 395.0","0.45","0.03","0.42","0.47","0.42","13.70","0.45","18","2.0","205"
"201TA400","코스피200 C 202310 400.0","0.31","0.01","0.31","0.31","0.31","13.80","0.31","1","0.0","123"
"201TA405","코스피200 C 202310 405.0",,,,,,"13.80","0.20","0","0.0","113"
"201TA410","코스피200 C 202310 410.0","0.16","0.02","0.15","0.16","0.15","13.80","0.16","7","0.0","56"
"201TA415","코스피200 C 202310 415.0",,,,,,"13.80","0.09","0","0.0","13"
"201TA420","코스피200 C 202310 420.0",,,,,,"13.80","0.05","0","0.0","4"
"201TA425","코스피200 C 202310 425.0",,,,,,"13.80","0.03","0","0.0","12"
"201TA430","코스피200 C 202310 430.0",,,,,,"13.80","0.02","0","0.0","55"
"201TA435","코스피200 C 202310 435.0",,,,,,"13.80","0.01","0","0.0","4"
"201TA440","코스피200 C 202310 440.0",,,,,,"13.80","0.01","0","0.0","51"
"201TA445","코스피200 C 202310 445.0",,,,,,"13.80","0.01","0","0.0","0"
"201TA450","코스피200 C 202310 450.0",,,,,,"13.80","0.01","0","0.0","4"
"201TA455","코스피200 C 202310 455.0",,,,,,"13.80","0.01","0","0.0","12"
"201TB205","코스피200 C 202311 205.0",,,,,,"14.50","133.65","0","0.0","0"
"201TB210","코스피200 C 202311 210.0",,,,,,"14.50","128.75","0","0.0","0"
"201TB215","코스피200 C 202311 215.0",,,,,,"14.50","123.85","0","0.0","0"
"201TB220","코스피200 C 202311 220.0",,,,,,"14.50","118.90","0","0.0","0"
"201TB225","코스피200 C 202311 225.0",,,,,,"14.50","114.00","0","0.0","0"
"201TB230","코스피200 C 202311 230.0",,,,,,"14.50","109.10","0","0.0","0"
"201TB235","코스피200 C 202311 235.0",,,,,,"14.50","104.15","0","0.0","0"
"201TB240","코스피200 C 202311 240.0",,,,,,"14.50","99.25","0","0.0","0"
"201TB245","코스피200 C 202311 245.0",,,,,,"14.50","94.35","0","0.0","0"
"201TB250","코스피200 C 202311 250.0",,,,,,"14.50","89.40","0","0.0","0"
"201TB255","코스피200 C 202311 255.0",,,,,,"14.50","84.50","0","0.0","0"
"201TB260","코스피200 C 202311 260.0",,,,,,"14.50","79.60","0","0.0","0"
"201TB265","코스피200 C 202311 265.0",,,,,,"14.50","74.70","0","0.0","0"
"201TB270","코스피200 C 202311 270.0",,,,,,"14.50","69.80","0","0.0","0"
"201TB275","코스피200 C 202311 275.0",,,,,,"14.50","64.95","0","0.0","0"
"201TB280","코스피200 C 202311 280.0",,,,,,"14.50","60.15","0","0.0","0"
"201TB285","코스피200 C 202311 285.0",,,,,,"14.50","55.40","0","0.0","0"
"201TB290","코스피200 C 202311 290.0",,,,,,"14.50","50.70","0","0.0","0"
"201TB295","코스피200 C 202311 295.0",,,,,,"14.50","46.05","0","0.0","0"
"201TB300","코스피200 C 202311 300.0",,,,,,"14.50","41.60","0","0.0","0"
"201TB305","코스피200 C 202311 305.0",,,,,,"14.50","37.25","0","0.0","0"
"201TB310","코스피200 C 202311 310.0",,,,,,"14.50","33.15","0","0.0","0"
"201TB315","코스피200 C 202311 315.0",,,,,,"14.50","29.20","0","0.0","0"
"201TB320","코스피200 C 202311 320.0",,,,,,"14.50","25.45","0","0.0","0"
"201TB325","코스피200 C 202311 325.0",,,,,,"14.50","22.10","0","0.0","1000"
"201TB330","코스피200 C 202311 330.0",,,,,,"14.50","18.85","0","0.0","0"
"201TB335","코스피200 C 202311 335.0",,,,,,"14.50","16.05","0","0.0","0"
"201TB340","코스피200 C 202311 340.0",,,,,,"14.50","13.35","0","0.0","0"
"201TB345","코스피200 C 202311 345.0","11.15","1.00","11.15","11.15","11.15","14.50","11.15","1","3.0","1"
"201TB350","코스피200 C 202311 350.0",,,,,,"14.41","9.06","0","0.0","340"
"201TB355","코스피200 C 202311 355.0",,,,,,"14.32","7.37","0","0.0","1"
"201TB360","코스피200 C 202311 360.0",,,,,,"14.24","5.79","0","0.0","0"
"201TB365","코스피200 C 202311 365.0",,,,,,"14.15","4.57","0","0.0","1"
"201TB370","코스피200 C 202311 370.0",,,,,,"14.07","3.48","0","0.0","36"
"201TB375","코스피200 C 202311 375.0",,,,,,"13.98","2.66","0","0.0","46"
"201TB380","코스피200 C 202311 380.0","2.00","0.06","2.00","2.00","2.00","13.90","2.00","1","1.0","80"
"201TB385","코스피200 C 202311 385.0","1.51","0.07","1.49","1.56","1.49","13.80","1.51","6","2.0","77"
"201TB390","코스피200 C 202311 390.0","1.12","0.04","1.14","1.14","1.12","13.80","1.12","2","1.0","199"
"201TB395","코스피200 C 202311 395.0","0.87","0.15","0.87","0.87","0.87","13.80","0.87","8","2.0","36"
"201TB400","코스피200 C 202311 400.0","0.57","0.02","0.62","0.62","0.57","13.80","0.57","9","1.0","73"
"201TB405","코스피200 C 202311 405.0","0.43","0.02","0.45","0.45","0.43","13.70","0.43","16","2.0","15"
"201TB410","코스피200 C 202311 410.0",,,,,,"13.70","0.26","0","0.0","4"
"201TB415","코스피200 C 202311 415.0",,,,,,"13.70","0.19","0","0.0","0"
"201TB420","코스피200 C 202311 420.0",,,,,,"13.70","0.12","0","0.0","0"
"201TB425","코스피200 C 202311 425.0",,,,,,"13.70","0.09","0","0.0","2"
"201TB430","코스피200 C 202311 430.0",,,,,,"13.70","0.05","0","0.0","0"
"201TB435","코스피200 C 202311 435.0",,,,,,"13.70","0.04","0","0.0","0"
"201TB440","코스피200 C 202311 440.0",,,,,,"13.70","0.02","0","0.0","1"
"201TB445","코스피200 C 202311 445.0",,,,,,"13.70","0.02","0","0.0","1"
"201TB450","코스피200 C 202311 450.0",,,,,,"13.70","0.01","0","0.0","0"
"201TB455","코스피200 C 202311 455.0",,,,,,"13.70","0.01","0","0.0","1"
"201TC160","코스피200 C 202312 160.0","177.65","1.25","176.90","177.65","176.90","3.00","177.65","28","1242.0","218"
"201TC165","코스피200 C 202312 165.0",,,,,,"3.43","173.55","0","0.0","0"
"201TC170","코스피200 C 202312 170.0",,,,,,"3.86","168.70","0","0.0","0"
"201TC175","코스피200 C 202312 175.0",,,,,,"4.29","163.80","0","0.0","0"
"201TC180","코스피200 C 202312 180.0",,,,,,"4.73","158.90","0","0.0","13"
"201TC185","코스피200 C 202312 185.0",,,,,,"5.16","154.00","0","0.0","0"
"201TC190","코스피200 C 202312 190.0",,,,,,"5.59","149.10","0","0.0","0"
"201TC195","코스피200 C 202312 195.0",,,,,,"6.03","144.20","0","0.0","0"
"201TC200","코스피200 C 202312 200.0",,,,,,"6.46","139.30","0","0.0","0"
"201TC205","코스피200 C 202312 205.0",,,,,,"6.90","134.40","0","0.0","0"
"201TC210","코스피200 C 202312 210.0",,,,,,"7.33","129.50","0","0.0","0"
"201TC215","코스피200 C 202312 215.0",,,,,,"7.76","124.60","0","0.0","0"
"201TC220","코스피200 C 202312 220.0",,,,,,"8.20","119.70","0","0.0","0"
"201TC225","코스피200 C 202312 225.0",,,,,,"8.63","114.80","0","0.0","0"
"201TC230","코스피200 C 202312 230.0",,,,,,"9.06","109.90","0","0.0","1"
"201TC235","코스피200 C 202312 235.0",,,,,,"9.50","105.00","0","0.0","0"
"201TC240","코스피200 C 202312 240.0",,,,,,"9.93","100.10","0","0.0","1000"
"201TC245","코스피200 C 202312 245.0",,,,,,"10.36","95.20","0","0.0","0"
"201TC250","코스피200 C 202312 250.0",,,,,,"10.80","90.30","0","0.0","1889"
"201TC255","코스피200 C 202312 255.0",,,,,,"11.23","85.40","0","0.0","0"
"201TC260","코스피200 C 202312 260.0",,,,,,"11.66","80.50","0","0.0","0"
"201TC265","코스피200 C 202312 265.0",,,,,,"12.09","75.60","0","0.0","0"
"201TC270","코스피200 C 202312 270.0",,,,,,"12.53","70.75","0","0.0","552"
"201TC275","코스피200 C 202312 275.0",,,,,,"12.96","65.90","0","0.0","0"
"201TC280","코스피200 C 202312 280.0",,,,,,"13.40","61.15","0","0.0","1941"
"201TC285","코스피200 C 202312 285.0",,,,,,"13.83","56.45","0","0.0","0"
"201TC290","코스피200 C 202312 290.0",,,,,,"14.26","51.90","0","0.0","2202"
"201TC295","코스피200 C 202312 295.0",,,,,,"14.70","47.55","0","0.0","3"
"201TC300","코스피200 C 202312 300.0",,,,,,"15.13","43.35","0","0.0","3669"
"201TC305","코스피200 C 202312 305.0",,,,,,"15.56","39.45","0","0.0","4"
"201TC310","코스피200 C 202312 310.0","35.70","1.60","35.70","35.70","35.70","16.00","35.70","1","9.0","6193"
"201TC315","코스피200 C 202312 315.0","32.00","-0.35","32.00","32.00","32.00","16.00","32.00","1","8.0","822"
"201TC320","코스피200 C 202312 320.0","28.85","1.60","28.85","28.85","28.85","15.80","28.85","1","7.0","12355"
"201TC325","코스피200 C 202312 325.0",,,,,,"15.65","25.00","0","0.0","1234"
"201TC330","코스피200 C 202312 330.0","21.30","0.30","21.30","21.30","21.30","15.50","21.30","1","5.0","9238"
"201TC335","코스피200 C 202312 335.0",,,,,,"15.35","18.85","0","0.0","1683"
"201TC340","코스피200 C 202312 340.0",,,,,,"15.20","16.00","200","798.0","7637"
"201TC345","코스피200 C 202312 345.0",,,,,,"15.05","13.65","0","0.0","1510"
"201TC350","코스피200 C 202312 350.0",,,,,,"14.90","11.35","0","0.0","8663"
"201TC355","코스피200 C 202312 355.0",,,,,,"14.75","9.42","0","0.0","15"
"201TC360","코스피200 C 202312 360.0",,,,,,"14.60","7.66","400","765.0","8126"
"201TC365","코스피200 C 202312 365.0",,,,,,"14.45","6.19","0","0.0","61"
"201TC370","코스피200 C 202312 370.0","4.91","0.09","4.82","4.91","4.82","14.30","4.91","14","17.0","6866"
"201TC375","코스피200 C 202312 375.0","3.90","0.09","3.81","3.90","3.81","14.20","3.90","6","6.0","2692"
"201TC380","코스피200 C 202312 380.0","3.00","0.11","3.00","3.00","3.00","14.20","3.00","12","9.0","11933"
"201TC385","코스피200 C 202312 385.0","2.48","0.27","2.48","2.49","2.46","14.10","2.48","7","4.0","531"
"201TC390","코스피200 C 202312 390.0","1.88","0.18","1.94","1.97","1.85","14.00","1.88","220","105.0","3980"
"201TC395","코스피200 C 202312 395.0","1.46","0.17","1.47","1.47","1.46","14.10","1.46","3","1.0","331"
"201TC400","코스피200 C 202312 400.0",,,,,,"14.00","1.06","0","0.0","12222"
"201TC405","코스피200 C 202312 405.0","0.82","0.08","0.87","0.87","0.80","13.90","0.82","32","7.0","257"
"201TC410","코스피200 C 202312 410.0","0.61","0.06","0.60","0.65","0.60","13.90","0.61","36","6.0","6088"
"201TC415","코스피200 C 202312 415.0",,,,,,"13.90","0.42","0","0.0","218"
"201TC420","코스피200 C 202312 420.0",,,,,,"13.90","0.31","0","0.0","3579"
"201TC425","코스피200 C 202312 425.0","0.26","0.01","0.26","0.26","0.26","13.90","0.26","1","0.0","109"
"201TC430","코스피200 C 202312 430.0",,,,,,"14.06","0.17","0","0.0","4645"
"201TC435","코스피200 C 202312 435.0",,,,,,"14.22","0.14","0","0.0","62"
"201TC440","코스피200 C 202312 440.0",,,,,,"14.38","0.11","0","0.0","6985"
"201TC445","코스피200 C 202312 445.0",,,,,,"14.54","0.09","0","0.0","307"
"201TC450","코스피200 C 202312 450.0","0.07","0.01","0.07","0.07","0.07","14.70","0.07","2","0.0","990"
"201TC455","코스피200 C 202312 455.0",,,,,,"14.95","0.06","0","0.0","13"
"201TC460","코스피200 C 202312 460.0",,,,,,"15.19","0.05","0","0.0","1336"
"201TC465","코스피200 C 202312 465.0",,,,,,"15.45","0.04","0","0.0","97"
"201TC470","코스피200 C 202312 470.0",,,,,,"15.69","0.04","0","0.0","337"
"201TC475","코스피200 C 202312 475.0",,,,,,"15.94","0.03","0","0.0","159"
"201TC480","코스피200 C 202312 480.0",,,,,,"16.19","0.03","0","0.0","2687"
"201TC485","코스피200 C 202312 485.0",,,,,,"16.44","0.02","0","0.0","45"
"201TC490","코스피200 C 202312 490.0",,,,,,"16.70","0.02","0","0.0","576"
"201TC495","코스피200 C 202312 495.0",,,,,,"16.95","0.02","0","0.0","19"
"201TC500","코스피200 C 202312 500.0","0.02","0.01","0.02","0.02","0.02","17.20","0.02","1","0.0","2816"
"201TC505","코스피200 C 202312 505.0","0.01","0.00","0.01","0.01","0.01","16.80","0.01","3","0.0","26"
"201TC510","코스피200 C 202312 510.0",,,,,,"16.80","0.01","0","0.0","103"
"201TC515","코스피200 C 202312 515.0",,,,,,"16.80","0.01","0","0.0","27"
"201TC520","코스피200 C 202312 520.0",,,,,,"16.80","0.01","0","0.0","1017"
"201V3185","코스피200 C 202403 185.0",,,,,,"14.70","151.35","0","0.0","0"
"201V3190","코스피200 C 202403 190.0",,,,,,"14.70","146.50","0","0.0","0"
"201V3195","코스피200 C 202403 195.0",,,,,,"14.70","141.60","0","0.0","0"
"201V3200","코스피200 C 202403 200.0",,,,,,"14.70","136.75","0","0.0","0"
"201V3205","코스피200 C 202403 205.0",,,,,,"14.70","131.90","0","0.0","0"
"201V3210","코스피200 C 202403 210.0",,,,,,"14.70","127.05","0","0.0","0"
"201V3215","코스피200 C 202403 215.0",,,,,,"14.70","122.20","0","0.0","0"
"201V3220","코스피200 C 202403 220.0",,,,,,"14.70","117.35","0","0.0","0"
"201V3225","코스피200 C 202403 225.0",,,,,,"14.70","112.50","0","0.0","0"
"201V3230","코스피200 C 202403 230.0",,,,,,"14.70","107.65","0","0.0","0"
"201V3235","코스피200 C 202403 235.0",,,,,,"14.70","102.80","0","0.0","0"
"201V3240","코스피200 C 202403 240.0",,,,,,"14.70","98.00","0","0.0","0"
"201V3245","코스피200 C 202403 245.0",,,,,,"14.70","93.15","0","0.0","0"
"201V3250","코스피200 C 202403 250.0",,,,,,"14.70","88.35","0","0.0","0"
"201V3255","코스피200 C 202403 255.0",,,,,,"14.70","83.55","0","0.0","0"
"201V3260","코스피200 C 202403 260.0",,,,,,"14.70","78.80","0","0.0","0"
"201V3265","코스피200 C 202403 265.0",,,,,,"14.70","74.10","0","0.0","0"
"201V3270","코스피200 C 202403 270.0",,,,,,"14.70","69.40","0","0.0","266"
"201V3275","코스피200 C 202403 275.0",,,,,,"14.70","64.80","0","0.0","0"
"201V3280","코스피200 C 202403 280.0",,,,,,"14.70","60.25","0","0.0","0"
"201V3285","코스피200 C 202403 285.0",,,,,,"14.70","55.85","0","0.0","0"
"201V3290","코스피200 C 202403 290.0",,,,,,"14.70","51.45","0","0.0","0"
"201V3295","코스피200 C 202403 295.0",,,,,,"14.70","47.35","0","0.0","0"
"201V3300","코스피200 C 202403 300.0",,,,,,"14.70","43.25","0","0.0","0"
"201V3305","코스피200 C 202403 305.0",,,,,,"14.70","39.40","0","0.0","0"
"201V3310","코스피200 C 202403 310.0",,,,,,"14.70","35.65","0","0.0","6"
"201V3315","코스피200 C 202403 315.0",,,,,,"14.70","32.15","0","0.0","12"
"201V3320","코스피200 C 202403 320.0",,,,,,"14.70","28.90","0","0.0","10"
"201V3325","코스피200 C 202403 325.0",,,,,,"14.70","25.65","0","0.0","8"
"201V3330","코스피200 C 202403 330.0",,,,,,"14.70","22.90","0","0.0","1206"
"201V3335","코스피200 C 202403 335.0",,,,,,"14.70","20.15","400","1828.0","755"
"201V3340","코스피200 C 202403 340.0",,,,,,"14.70","17.75","0","0.0","1203"
"201V3345","코스피200 C 202403 345.0",,,,,,"14.70","15.55","0","0.0","2"
"201V3350","코스피200 C 202403 350.0",,,,,,"14.70","13.35","0","0.0","901"
"201V3355","코스피200 C 202403 355.0",,,,,,"14.70","11.70","0","0.0","4"
"201V3360","코스피200 C 202403 360.0",,,,,,"14.70","10.05","0","0.0","507"
"201V3365","코스피200 C 202403 365.0",,,,,,"14.70","8.53","0","0.0","23"
"201V3370","코스피200 C 202403 370.0",,,,,,"14.70","7.35","600","1046.0","1042"
"201V3375","코스피200 C 202403 375.0",,,,,,"14.70","6.17","0","0.0","65"
"201V3380","코스피200 C 202403 380.0","5.21","0.15","5.21","5.21","5.21","14.70","5.21","1","1.0","79"
"201V3385","코스피200 C 202403 385.0","4.31","0.16","4.31","4.31","4.31","14.60","4.31","1","1.0","59"
"201V3390","코스피200 C 202403 390.0",,,,,,"14.53","3.47","0","0.0","55"
"201V3395","코스피200 C 202403 395.0",,,,,,"14.46","2.88","0","0.0","27"
"201V3400","코스피200 C 202403 400.0","2.38","0.13","2.33","2.38","2.33","14.40","2.38","3","2.0","2664"
"201V3405","코스피200 C 202403 405.0",,,,,,"14.35","1.82","0","0.0","38"
"201V3410","코스피200 C 202403 410.0","1.58","0.12","1.58","1.58","1.58","14.30","1.58","1","0.0","178"
"201V3415","코스피200 C 202403 415.0","1.23","0.07","1.26","1.26","1.23","14.30","1.23","2","1.0","29"
"201V3420","코스피200 C 202403 420.0",,,,,,"14.30","0.94","0","0.0","95"
"201V3425","코스피200 C 202403 425.0",,,,,,"14.30","0.78","0","0.0","34"
"201V3430","코스피200 C 202403 430.0",,,,,,"14.30","0.62","0","0.0","45"
"201V3435","코스피200 C 202403 435.0",,,,,,"14.30","0.46","0","0.0","19"
"201V3440","코스피200 C 202403 440.0",,,,,,"14.30","0.39","0","0.0","20"
"201V3445","코스피200 C 202403 445.0",,,,,,"14.30","0.31","0","0.0","8"
"201V3450","코스피200 C 202403 450.0",,,,,,"14.30","0.23","0","0.0","3"
"201V3455","코스피200 C 202403 455.0",,,,,,"14.30","0.18","0","0.0","122"
"201V6160","코스피200 C 202406 160.0",,,,,,"15.30","176.20","0","0.0","6"
"201V6170","코스피200 C 202406 170.0",,,,,,"15.30","166.60","0","0.0","0"
"201V6180","코스피200 C 202406 180.0",,,,,,"15.30","157.00","0","0.0","1"
"201V6190","코스피200 C 202406 190.0",,,,,,"15.30","147.35","0","0.0","0"
"201V6200","코스피200 C 202406 200.0",,,,,,"15.30","137.75","0","0.0","1"
"201V6210","코스피200 C 202406 210.0",,,,,,"15.30","128.15","0","0.0","0"
"201V6220","코스피200 C 202406 220.0",,,,,,"15.30","118.55","0","0.0","0"
"201V6230","코스피200 C 202406 230.0",,,,,,"15.30","109.00","0","0.0","0"
"201V6240","코스피200 C 202406 240.0",,,,,,"15.30","99.45","0","0.0","0"
"201V6250","코스피200 C 202406 250.0",,,,,,"15.30","90.00","0","0.0","0"
"201V6260","코스피200 C 202406 260.0",,,,,,"15.30","80.75","0","0.0","0"
"201V6270","코스피200 C 202406 270.0",,,,,,"15.30","71.65","0","0.0","0"
"201V6280","코스피200 C 202406 280.0",,,,,,"15.30","62.95","0","0.0","2"
"201V6290","코스피200 C 202406 290.0",,,,,,"15.30","54.65","0","0.0","1402"
"201V6300","코스피200 C 202406 300.0",,,,,,"15.30","46.85","0","0.0","606"
"201V6310","코스피200 C 202406 310.0",,,,,,"15.30","39.55","0","0.0","2051"
"201V6320","코스피200 C 202406 320.0",,,,,,"15.30","33.05","0","0.0","2551"
"201V6330","코스피200 C 202406 330.0",,,,,,"15.30","27.25","400","2400.0","3138"
"201V6340","코스피200 C 202406 340.0",,,,,,"15.30","22.05","0","0.0","3308"
"201V6350","코스피200 C 202406 350.0","17.50","2.10","17.50","17.50","17.50","15.30","17.50","1","4.0","2904"
"201V6360","코스피200 C 202406 360.0",,,,,,"15.10","13.80","0","0.0","2707"
"201V6370","코스피200 C 202406 370.0","10.35","1.21","10.35","10.35","10.35","14.90","10.35","1","3.0","3203"
"201V6380","코스피200 C 202406 380.0",,,,,,"14.75","7.78","0","0.0","4503"
"201V6390","코스피200 C 202406 390.0","5.66","0.62","5.66","5.66","5.66","14.60","5.66","1","1.0","2330"
"201V6400","코스피200 C 202406 400.0","3.95","0.32","3.97","3.97","3.95","14.40","3.95","3","3.0","1011"
"201V6410","코스피200 C 202406 410.0",,,,,,"14.33","2.86","500","350.0","539"
"201V6420","코스피200 C 202406 420.0",,,,,,"14.26","1.98","0","0.0","339"
"201V6430","코스피200 C 202406 430.0","1.32","0.10","1.32","1.32","1.32","14.20","1.32","4","1.0","1135"
"201V6440","코스피200 C 202406 440.0",,,,,,"14.25","0.96","0","0.0","139"
"201V6450","코스피200 C 202406 450.0",,,,,,"14.30","0.64","0","0.0","124"
"201V6460","코스피200 C 202406 460.0",,,,,,"14.35","0.46","0","0.0","65"
"201V6470","코스피200 C 202406 470.0","0.32","0.09","0.32","0.32","0.32","14.40","0.32","4","0.0","197"
"201VC160","코스피200 C 202412 160.0",,,,,,"15.40","177.25","0","0.0","112"
"201VC170","코스피200 C 202412 170.0",,,,,,"15.40","167.85","0","0.0","1"
"201VC180","코스피200 C 202412 180.0",,,,,,"15.40","158.40","0","0.0","0"
"201VC190","코스피200 C 202412 190.0",,,,,,"15.40","148.95","0","0.0","0"
"201VC200","코스피200 C 202412 200.0",,,,,,"15.40","139.55","0","0.0","0"
"201VC210","코스피200 C 202412 210.0",,,,,,"15.40","130.15","0","0.0","0"
"201VC220","코스피200 C 202412 220.0",,,,,,"15.40","120.75","0","0.0","0"
"201VC230","코스피200 C 202412 230.0",,,,,,"15.40","111.45","0","0.0","5"
"201VC240","코스피200 C 202412 240.0",,,,,,"15.40","102.25","0","0.0","0"
"201VC250","코스피200 C 202412 250.0",,,,,,"15.40","93.25","0","0.0","602"
"201VC260","코스피200 C 202412 260.0",,,,,,"15.40","84.40","0","0.0","0"
"201VC270","코스피200 C 202412 270.0",,,,,,"15.40","75.80","0","0.0","0"
"201VC280","코스피200 C 202412 280.0",,,,,,"15.40","67.65","0","0.0","0"
"201VC290","코스피200 C 202412 290.0",,,,,,"15.40","59.85","0","0.0","133"
"201VC300","코스피200 C 202412 300.0",,,,,,"15.40","52.45","0","0.0","2013"
"201VC310","코스피200 C 202412 310.0",,,,,,"15.40","45.75","0","0.0","1817"
"201VC320","코스피200 C 202412 320.0",,,,,,"15.40","39.30","0","0.0","2852"
"201VC330","코스피200 C 202412 330.0",,,,,,"15.40","33.80","0","0.0","2599"
"201VC340","코스피200 C 202412 340.0",,,,,,"15.40","28.55","0","0.0","2753"
"201VC350","코스피200 C 202412 350.0",,,,,,"15.40","24.15","0","0.0","5353"
"201VC360","코스피200 C 202412 360.0","20.25","2.35","20.20","20.25","20.20","15.40","20.25","2","10.0","901"
"201VC370","코스피200 C 202412 370.0","16.10","0.45","16.10","16.10","16.10","14.90","16.10","1","4.0","1215"
"201VC380","코스피200 C 202412 380.0",,,,,,"14.96","13.05","0","0.0","5008"
"201VC390","코스피200 C 202412 390.0",,,,,,"15.03","10.70","0","0.0","1653"
"201VC400","코스피200 C 202412 400.0","8.65","0.73","8.65","8.65","8.65","15.10","8.65","1","2.0","6451"
"201VC410","코스피200 C 202412 410.0","6.53","0.38","6.54","6.54","6.53","14.70","6.53","2","3.0","2092"
"201VC420","코스피200 C 202412 420.0",,,,,,"14.76","5.14","0","0.0","91"
"201VC430","코스피200 C 202412 430.0",,,,,,"14.83","4.14","0","0.0","1151"
"201VC440","코스피200 C 202412 440.0","3.18","0.41","3.18","3.18","3.18","14.90","3.18","3","2.0","24"
"201VC450","코스피200 C 202412 450.0",,,,,,"14.65","2.38","0","0.0","661"
"201VC460","코스피200 C 202412 460.0","1.69","0.14","1.68","1.69","1.67","14.40","1.69","10","4.0","306"
"201VC470","코스피200 C 202412 470.0",,,,,,"14.37","1.25","0","0.0","13"
"201VC480","코스피200 C 202412 480.0",,,,,,"14.35","0.89","0","0.0","323"
"201VC490","코스피200 C 202412 490.0",,,,,,"14.32","0.68","0","0.0","204"
"201VC500","코스피200 C 202412 500.0","0.53","0.05","0.53","0.53","0.53","14.30","0.53","1","0.0","52"
"201VC510","코스피200 C 202412 510.0","0.40","0.05","0.40","0.40","0.40","14.70","0.40","1","0.0","163"
"201VC520","코스피200 C 202412 520.0","0.35","0.06","0.33","0.35","0.33","14.80","0.35","6","1.0","1159"
"201WC170","코스피200 C 202512 170.0",,,,,,"14.60","167.00","0","0.0","6"
"201WC180","코스피200 C 202512 180.0",,,,,,"14.60","157.95","0","0.0","0"
"201WC190","코스피200 C 202512 190.0",,,,,,"14.60","148.90","0","0.0","0"
"201WC200","코스피200 C 202512 200.0",,,,,,"14.60","139.85","0","0.0","0"
"201WC210","코스피200 C 202512 210.0",,,,,,"14.60","130.90","0","0.0","0"
"201WC220","코스피200 C 202512 220.0",,,,,,"14.60","122.00","0","0.0","0"
"201WC230","코스피200 C 202512 230.0",,,,,,"14.60","113.25","0","0.0","0"
"201WC240","코스피200 C 202512 240.0",,,,,,"14.60","104.55","0","0.0","0"
"201WC250","코스피200 C 202512 250.0",,,,,,"14.60","96.15","0","0.0","0"
"201WC260","코스피200 C 202512 260.0",,,,,,"14.60","88.00","0","0.0","0"
"201WC270","코스피200 C 202512 270.0",,,,,,"14.60","80.05","0","0.0","0"
"201WC280","코스피200 C 202512 280.0",,,,,,"14.60","72.55","0","0.0","0"
"201WC290","코스피200 C 202512 290.0",,,,,,"14.60","65.20","0","0.0","0"
"201WC300","코스피200 C 202512 300.0",,,,,,"14.60","58.60","0","0.0","0"
"201WC310","코스피200 C 202512 310.0",,,,,,"14.60","52.05","0","0.0","0"
"201WC320","코스피200 C 202512 320.0",,,,,,"14.60","46.35","0","0.0","0"
"201WC330","코스피200 C 202512 330.0",,,,,,"14.60","40.75","0","0.0","0"
"201WC340","코스피200 C 202512 340.0",,,,,,"14.60","35.95","0","0.0","0"
"201WC350","코스피200 C 202512 350.0",,,,,,"14.60","31.35","0","0.0","0"
"201WC360","코스피200 C 202512 360.0",,,,,,"14.60","27.25","0","0.0","0"
"201WC370","코스피200 C 202512 370.0",,,,,,"14.60","23.70","0","0.0","0"
"201WC380","코스피200 C 202512 380.0",,,,,,"14.60","20.15","0","0.0","0"
"201WC390","코스피200 C 202512 390.0",,,,,,"14.60","17.55","0","0.0","1"
"201WC400","코스피200 C 202512 400.0",,,,,,"14.60","14.95","0","0.0","1"
"201WC410","코스피200 C 202512 410.0",,,,,,"14.60","12.70","0","0.0","0"
"201WC420","코스피200 C 202512 420.0",,,,,,"14.60","10.90","0","0.0","0"
"201WC430","코스피200 C 202512 430.0",,,,,,"14.60","9.08","0","0.0","11"
"201WC440","코스피200 C 202512 440.0",,,,,,"14.60","7.68","0","0.0","2"
"201WC450","코스피200 C 202512 450.0",,,,,,"14.60","6.52","0","0.0","101"
"201WC460","코스피200 C 202512 460.0","5.36","0.28","5.36","5.36","5.36","14.60","5.36","1","1.0","5"
"301T6160","코스피200 P 202306 160.0",,,,,,"32.90","0.01","0","0.0","2212"
"301T6162","코스피200 P 202306 162.5",,,,,,"32.90","0.01","0","0.0","5"
"301T6165","코스피200 P 202306 165.0",,,,,,"32.90","0.01","0","0.0","1038"
"301T6167","코스피200 P 202306 167.5",,,,,,"32.90","0.01","0","0.0","19"
"301T6170","코스피200 P 202306 170.0",,,,,,"32.90","0.01","0","0.0","1217"
"301T6172","코스피200 P 202306 172.5",,,,,,"32.90","0.01","0","0.0","5"
"301T6175","코스피200 P 202306 175.0",,,,,,"32.90","0.01","0","0.0","147"
"301T6177","코스피200 P 202306 177.5",,,,,,"32.90","0.01","0","0.0","8"
"301T6180","코스피200 P 202306 180.0",,,,,,"32.90","0.01","0","0.0","3826"
"301T6182","코스피200 P 202306 182.5",,,,,,"32.90","0.01","0","0.0","6"
"301T6185","코스피200 P 202306 185.0",,,,,,"32.90","0.01","0","0.0","729"
"301T6187","코스피200 P 202306 187.5",,,,,,"32.90","0.01","0","0.0","5"
"301T6190","코스피200 P 202306 190.0",,,,,,"32.90","0.01","0","0.0","1000"
"301T6192","코스피200 P 202306 192.5",,,,,,"32.90","0.01","0","0.0","7"
"301T6195","코스피200 P 202306 195.0",,,,,,"32.90","0.01","0","0.0","1070"
"301T6197","코스피200 P 202306 197.5",,,,,,"32.90","0.01","0","0.0","19"
"301T6200","코스피200 P 202306 200.0",,,,,,"32.90","0.01","0","0.0","4810"
"301T6202","코스피200 P 202306 202.5",,,,,,"32.90","0.01","0","0.0","1"
"301T6205","코스피200 P 202306 205.0",,,,,,"32.90","0.01","0","0.0","147"
"301T6207","코스피200 P 202306 207.5",,,,,,"32.90","0.01","0","0.0","2"
"301T6210","코스피200 P 202306 210.0",,,,,,"32.90","0.01","0","0.0","310"
"301T6212","코스피200 P 202306 212.5",,,,,,"32.90","0.01","0","0.0","108"
"301T6215","코스피200 P 202306 215.0",,,,,,"32.90","0.01","0","0.0","2396"
"301T6217","코스피200 P 202306 217.5",,,,,,"32.90","0.01","0","0.0","553"
"301T6220","코스피200 P 202306 220.0",,,,,,"32.90","0.01","0","0.0","2837"
"301T6222","코스피200 P 202306 222.5",,,,,,"32.90","0.01","0","0.0","362"
"301T6225","코스피200 P 202306 225.0",,,,,,"32.90","0.01","0","0.0","853"
"301T6227","코스피200 P 202306 227.5",,,,,,"32.90","0.01","0","0.0","587"
"301T6230","코스피200 P 202306 230.0",,,,,,"32.90","0.01","0","0.0","2958"
"301T6232","코스피200 P 202306 232.5",,,,,,"32.90","0.01","0","0.0","1482"
"301T6235","코스피200 P 202306 235.0",,,,,,"32.90","0.01","0","0.0","1510"
"301T6237","코스피200 P 202306 237.5",,,,,,"32.90","0.01","0","0.0","1033"
"301T6240","코스피200 P 202306 240.0",,,,,,"32.90","0.01","0","0.0","2714"
"301T6242","코스피200 P 202306 242.5",,,,,,"32.90","0.01","0","0.0","3042"
"301T6245","코스피200 P 202306 245.0",,,,,,"32.90","0.01","0","0.0","1809"
"301T6247","코스피200 P 202306 247.5",,,,,,"32.90","0.01","0","0.0","2135"
"301T6250","코스피200 P 202306 250.0",,,,,,"32.90","0.01","0","0.0","6399"
"301T6252","코스피200 P 202306 252.5",,,,,,"32.90","0.01","0","0.0","3676"
"301T6255","코스피200 P 202306 255.0",,,,,,"32.90","0.01","0","0.0","4635"
"301T6257","코스피200 P 202306 257.5",,,,,,"32.90","0.01","0","0.0","3731"
"301T6260","코스피200 P 202306 260.0",,,,,,"32.90","0.01","0","0.0","41086"
"301T6262","코스피200 P 202306 262.5",,,,,,"32.90","0.01","0","0.0","30620"
"301T6265","코스피200 P 202306 265.0",,,,,,"32.90","0.01","0","0.0","10021"
"301T6267","코스피200 P 202306 267.5",,,,,,"32.90","0.01","0","0.0","50659"
"301T6270","코스피200 P 202306 270.0",,,,,,"32.90","0.01","0","0.0","69077"
"301T6272","코스피200 P 202306 272.5",,,,,,"32.90","0.01","0","0.0","10140"
"301T6275","코스피200 P 202306 275.0",,,,,,"32.90","0.01","0","0.0","21762"
"301T6277","코스피200 P 202306 277.5",,,,,,"32.90","0.01","0","0.0","13409"
"301T6280","코스피200 P 202306 280.0","0.01","0.00","0.01","0.01","0.01","32.90","0.01","822","2.0","24156"
"301T6282","코스피200 P 202306 282.5","0.01","0.00","0.01","0.01","0.01","31.70","0.01","81","0.0","12417"
"301T6285","코스피200 P 202306 285.0","0.01","0.00","0.01","0.01","0.01","30.20","0.01","4614","12.0","18739"
"301T6287","코스피200 P 202306 287.5","0.01","0.00","0.01","0.01","0.01","28.80","0.01","1073","3.0","18604"
"301T6290","코스피200 P 202306 290.0","0.02","0.00","0.01","0.02","0.01","28.90","0.02","11925","30.0","55569"
"301T6292","코스피200 P 202306 292.5","0.01","-0.01","0.01","0.01","0.01","26.10","0.01","7798","19.0","13582"
"301T6295","코스피200 P 202306 295.0","0.02","0.00","0.01","0.02","0.01","26.20","0.02","1573","7.0","12194"
"301T6297","코스피200 P 202306 297.5","0.03","0.01","0.02","0.03","0.01","25.90","0.03","1907","10.0","8762"
"301T6300","코스피200 P 202306 300.0","0.02","-0.01","0.02","0.03","0.01","23.20","0.02","8401","46.0","28758"
"301T6302","코스피200 P 202306 302.5","0.03","0.00","0.03","0.03","0.02","22.90","0.03","12308","92.0","21234"
"301T6305","코스피200 P 202306 305.0","0.04","-0.01","0.04","0.04","0.02","21.90","0.04","5223","44.0","26452"
"301T6307","코스피200 P 202306 307.5","0.05","0.00","0.05","0.05","0.03","20.90","0.05","5879","58.0","23142"
"301T6310","코스피200 P 202306 310.0","0.06","-0.01","0.06","0.06","0.04","20.00","0.06","9984","136.0","42726"
"301T6312","코스피200 P 202306 312.5","0.08","-0.02","0.08","0.08","0.06","18.90","0.08","7112","125.0","28600"
"301T6315","코스피200 P 202306 315.0","0.10","-0.02","0.10","0.12","0.08","17.90","0.10","9985","239.0","37422"
"301T6317","코스피200 P 202306 317.5","0.13","-0.06","0.16","0.17","0.11","16.90","0.13","19657","646.0","25250"
"301T6320","코스피200 P 202306 320.0","0.19","-0.08","0.24","0.25","0.15","16.10","0.19","27357","1291.0","38689"
"301T6322","코스피200 P 202306 322.5","0.27","-0.12","0.34","0.37","0.23","15.30","0.27","23566","1649.0","21410"
"301T6325","코스피200 P 202306 325.0","0.39","-0.20","0.51","0.56","0.35","14.60","0.39","48474","5140.0","27424"
"301T6327","코스피200 P 202306 327.5","0.59","-0.32","0.82","0.87","0.55","13.80","0.59","70472","11473.0","17350"
"301T6330","코스피200 P 202306 330.0","0.91","-0.47","1.25","1.32","0.86","13.30","0.91","84899","21399.0","27723"
"301T6332","코스피200 P 202306 332.5","1.40","-0.65","1.87","1.99","1.33","12.80","1.40","64732","24529.0","14455"
"301T6335","코스피200 P 202306 335.0","2.13","-0.83","2.74","2.92","2.01","12.40","2.13","40991","23584.0","16517"
"301T6337","코스피200 P 202306 337.5","3.13","-1.01","3.91","4.14","2.96","12.00","3.13","20088","16755.0","9316"
"301T6340","코스피200 P 202306 340.0","4.45","-1.20","5.43","5.65","4.22","11.80","4.45","4711","5513.0","6586"
"301T6342","코스피200 P 202306 342.5","6.36","-1.18","6.97","7.32","5.83","12.50","6.36","1114","1744.0","861"
"301T6345","코스피200 P 202306 345.0","8.35","-1.26","8.92","9.20","7.75","13.00","8.35","245","504.0","458"
"301T6347","코스피200 P 202306 347.5","10.45","-1.40","10.80","10.95","9.79","13.00","10.45","69","179.0","229"
"301T6350","코스피200 P 202306 350.0","12.85","-1.35","13.65","13.65","12.00","12.00","12.85","99","312.0","4817"
"301T6352","코스피200 P 202306 352.5","15.25","-1.05","14.95","15.25","14.85","12.00","15.25","62","233.0","115"
"301T6355","코스피200 P 202306 355.0","17.40","-1.90","17.90","17.90","17.35","16.00","17.40","9","39.0","81"
"301T6357","코스피200 P 202306 357.5",,,,,,"18.00","20.15","0","0.0","100"
"301T6360","코스피200 P 202306 360.0","23.00","-1.20","22.55","23.00","22.50","20.00","23.00","5","28.0","1909"
"301T6362","코스피200 P 202306 362.5",,,,,,"20.75","25.10","0","0.0","102"
"301T6365","코스피200 P 202306 365.0",,,,,,"21.50","27.55","0","0.0","119"
"301T6367","코스피200 P 202306 367.5",,,,,,"22.25","30.05","0","0.0","184"
"301T6370","코스피200 P 202306 370.0",,,,,,"23.00","32.55","0","0.0","1714"
"301T6372","코스피200 P 202306 372.5",,,,,,"23.75","35.05","0","0.0","100"
"301T6375","코스피200 P 202306 375.0",,,,,,"24.50","37.50","0","0.0","4"
"301T6377","코스피200 P 202306 377.5",,,,,,"25.25","40.00","0","0.0","0"
"301T6380","코스피200 P 202306 380.0",,,,,,"26.00","42.50","0","0.0","1038"
"301T6382","코스피200 P 202306 382.5",,,,,,"26.75","45.00","0","0.0","0"
"301T6385","코스피200 P 202306 385.0",,,,,,"27.50","47.50","0","0.0","0"
"301T6387","코스피200 P 202306 387.5",,,,,,"28.25","50.00","0","0.0","0"
"301T6390","코스피200 P 202306 390.0",,,,,,"29.00","52.50","0","0.0","931"
"301T6392","코스피200 P 202306 392.5",,,,,,"29.75","55.00","0","0.0","0"
"301T6395","코스피200 P 202306 395.0",,,,,,"30.50","57.50","0","0.0","0"
"301T6397","코스피200 P 202306 397.5",,,,,,"31.25","60.00","0","0.0","0"
"301T6400","코스피200 P 202306 400.0","62.30","-1.80","62.40","62.40","62.30","32.00","62.30","5","78.0","1214"
"301T6402","코스피200 P 202306 402.5",,,,,,"32.00","65.00","0","0.0","0"
"301T6405","코스피200 P 202306 405.0",,,,,,"32.00","67.50","0","0.0","32"
"301T6407","코스피200 P 202306 407.5",,,,,,"32.00","69.95","0","0.0","0"
"301T6410","코스피200 P 202306 410.0",,,,,,"32.00","72.45","0","0.0","21"
"301T6412","코스피200 P 202306 412.5",,,,,,"32.00","74.95","0","0.0","1"
"301T6415","코스피200 P 202306 415.0",,,,,,"32.00","77.45","0","0.0","39"
"301T6417","코스피200 P 202306 417.5",,,,,,"32.00","79.95","0","0.0","0"
"301T6420","코스피200 P 202306 420.0",,,,,,"32.00","82.45","0","0.0","2"
"301T6422","코스피200 P 202306 422.5",,,,,,"32.00","84.95","0","0.0","0"
"301T6425","코스피200 P 202306 425.0",,,,,,"32.00","87.45","0","0.0","0"
"301T6427","코스피200 P 202306 427.5",,,,,,"32.00","89.95","0","0.0","0"
"301T6430","코스피200 P 202306 430.0",,,,,,"32.00","92.45","0","0.0","1"
"301T6432","코스피200 P 202306 432.5",,,,,,"32.00","94.95","0","0.0","0"
"301T6435","코스피200 P 202306 435.0",,,,,,"32.00","97.45","0","0.0","0"
"301T6437","코스피200 P 202306 437.5",,,,,,"32.00","99.95","0","0.0","0"
"301T6440","코스피200 P 202306 440.0",,,,,,"32.00","102.45","0","0.0","29"
"301T6442","코스피200 P 202306 442.5",,,,,,"32.00","104.95","0","0.0","0"
"301T6445","코스피200 P 202306 445.0",,,,,,"32.00","107.45","0","0.0","0"
"301T6447","코스피200 P 202306 447.5",,,,,,"32.00","109.95","0","0.0","0"
"301T6450","코스피200 P 202306 450.0",,,,,,"32.00","112.45","0","0.0","121"
"301T6452","코스피200 P 202306 452.5",,,,,,"32.00","114.95","0","0.0","0"
"301T6455","코스피200 P 202306 455.0",,,,,,"32.00","117.40","0","0.0","0"
"301T6457","코스피200 P 202306 457.5",,,,,,"32.00","119.90","0","0.0","0"
"301T6460","코스피200 P 202306 460.0",,,,,,"32.00","122.40","0","0.0","0"
"301T6462","코스피200 P 202306 462.5",,,,,,"32.00","124.90","0","0.0","0"
"301T6465","코스피200 P 202306 465.0",,,,,,"32.00","127.40","0","0.0","0"
"301T6467","코스피200 P 202306 467.5",,,,,,"32.00","129.90","0","0.0","0"
"301T6470","코스피200 P 202306 470.0",,,,,,"32.00","132.40","0","0.0","0"
"301T6472","코스피200 P 202306 472.5",,,,,,"32.00","134.90","0","0.0","0"
"301T6475","코스피200 P 202306 475.0",,,,,,"32.00","137.40","0","0.0","0"
"301T6477","코스피200 P 202306 477.5",,,,,,"32.00","139.90","0","0.0","0"
"301T6480","코스피200 P 202306 480.0",,,,,,"32.00","142.40","0","0.0","0"
"301T6482","코스피200 P 202306 482.5",,,,,,"32.00","144.90","0","0.0","0"
"301T6485","코스피200 P 202306 485.0",,,,,,"32.00","147.40","0","0.0","0"
"301T6487","코스피200 P 202306 487.5",,,,,,"32.00","149.90","0","0.0","0"
"301T6490","코스피200 P 202306 490.0",,,,,,"32.00","152.40","0","0.0","0"
"301T6492","코스피200 P 202306 492.5",,,,,,"32.00","154.90","0","0.0","0"
"301T6495","코스피200 P 202306 495.0",,,,,,"32.00","157.40","0","0.0","0"
"301T6497","코스피200 P 202306 497.5",,,,,,"32.00","159.90","0","0.0","0"
"301T6500","코스피200 P 202306 500.0",,,,,,"32.00","162.40","0","0.0","1"
"301T6502","코스피200 P 202306 502.5",,,,,,"32.00","164.85","0","0.0","0"
"301T6505","코스피200 P 202306 505.0",,,,,,"32.00","167.35","0","0.0","0"
"301T6507","코스피200 P 202306 507.5",,,,,,"32.00","169.85","0","0.0","0"
"301T6510","코스피200 P 202306 510.0",,,,,,"32.00","172.35","0","0.0","5"
"301T6512","코스피200 P 202306 512.5",,,,,,"32.00","174.85","0","0.0","0"
"301T6515","코스피200 P 202306 515.0",,,,,,"32.00","177.35","0","0.0","0"
"301T6517","코스피200 P 202306 517.5",,,,,,"32.00","179.85","0","0.0","0"
"301T6520","코스피200 P 202306 520.0",,,,,,"32.00","182.35","0","0.0","471"
"301T7185","코스피200 P 202307 185.0",,,,,,"31.90","0.01","1","0.0","1675"
"301T7187","코스피200 P 202307 187.5",,,,,,"31.90","0.01","0","0.0","8"
"301T7190","코스피200 P 202307 190.0",,,,,,"31.90","0.01","0","0.0","528"
"301T7192","코스피200 P 202307 192.5",,,,,,"31.90","0.01","0","0.0","5"
"301T7195","코스피200 P 202307 195.0",,,,,,"31.90","0.01","0","0.0","88"
"301T7197","코스피200 P 202307 197.5",,,,,,"31.90","0.01","0","0.0","5"
"301T7200","코스피200 P 202307 200.0",,,,,,"31.90","0.01","0","0.0","571"
"301T7202","코스피200 P 202307 202.5",,,,,,"31.90","0.01","0","0.0","9"
"301T7205","코스피200 P 202307 205.0",,,,,,"31.90","0.01","0","0.0","563"
"301T7207","코스피200 P 202307 207.5",,,,,,"31.90","0.01","0","0.0","255"
"301T7210","코스피200 P 202307 210.0",,,,,,"31.90","0.01","0","0.0","522"
"301T7212","코스피200 P 202307 212.5",,,,,,"31.90","0.01","0","0.0","2"
"301T7215","코스피200 P 202307 215.0",,,,,,"31.90","0.01","0","0.0","631"
"301T7217","코스피200 P 202307 217.5",,,,,,"31.90","0.01","0","0.0","213"
"301T7220","코스피200 P 202307 220.0",,,,,,"31.90","0.01","0","0.0","545"
"301T7222","코스피200 P 202307 222.5",,,,,,"31.90","0.01","0","0.0","157"
"301T7225","코스피200 P 202307 225.0",,,,,,"31.90","0.01","0","0.0","414"
"301T7227","코스피200 P 202307 227.5",,,,,,"31.90","0.01","0","0.0","63"
"301T7230","코스피200 P 202307 230.0",,,,,,"31.90","0.01","0","0.0","556"
"301T7232","코스피200 P 202307 232.5",,,,,,"31.90","0.01","0","0.0","1963"
"301T7235","코스피200 P 202307 235.0",,,,,,"31.90","0.01","0","0.0","2285"
"301T7237","코스피200 P 202307 237.5","0.01","0.00","0.01","0.01","0.01","31.90","0.01","1","0.0","396"
"301T7240","코스피200 P 202307 240.0",,,,,,"31.00","0.01","0","0.0","1612"
"301T7242","코스피200 P 202307 242.5",,,,,,"30.10","0.01","0","0.0","975"
"301T7245","코스피200 P 202307 245.0","0.01","0.00","0.01","0.01","0.01","29.20","0.01","39","0.0","1103"
"301T7247","코스피200 P 202307 247.5","0.01","0.00","0.01","0.01","0.01","27.90","0.01","32","0.0","435"
"301T7250","코스피200 P 202307 250.0","0.01","-0.01","0.01","0.01","0.01","27.60","0.01","5","0.0","1612"
"301T7252","코스피200 P 202307 252.5",,,,,,"27.60","0.01","0","0.0","899"
"301T7255","코스피200 P 202307 255.0","0.02","0.00","0.02","0.02","0.02","27.60","0.02","26","0.0","1546"
"301T7257","코스피200 P 202307 257.5","0.02","0.00","0.02","0.02","0.02","26.90","0.02","16","0.0","1295"
"301T7260","코스피200 P 202307 260.0","0.03","0.00","0.02","0.03","0.02","26.60","0.03","8","0.0","2841"
"301T7262","코스피200 P 202307 262.5","0.03","0.00","0.03","0.03","0.03","25.70","0.03","49","0.0","1630"
"301T7265","코스피200 P 202307 265.0","0.04","0.00","0.04","0.04","0.03","25.60","0.04","369","4.0","1464"
"301T7267","코스피200 P 202307 267.5","0.04","-0.01","0.04","0.04","0.04","24.70","0.04","14","0.0","1107"
"301T7270","코스피200 P 202307 270.0","0.04","-0.02","0.06","0.06","0.04","23.80","0.04","348","4.0","3057"
"301T7272","코스피200 P 202307 272.5","0.05","-0.02","0.06","0.06","0.05","23.70","0.05","57","1.0","1010"
"301T7275","코스피200 P 202307 275.0","0.06","-0.01","0.07","0.07","0.06","23.10","0.06","649","11.0","1647"
"301T7277","코스피200 P 202307 277.5","0.08","-0.01","0.08","0.09","0.08","22.90","0.08","41","1.0","1633"
"301T7280","코스피200 P 202307 280.0","0.09","-0.03","0.11","0.11","0.09","22.30","0.09","504","13.0","7067"
"301T7282","코스피200 P 202307 282.5","0.12","-0.02","0.13","0.13","0.11","22.30","0.12","378","11.0","1719"
"301T7285","코스피200 P 202307 285.0","0.14","-0.01","0.15","0.15","0.13","21.70","0.14","1341","47.0","3564"
"301T7287","코스피200 P 202307 287.5","0.16","-0.03","0.18","0.18","0.16","21.10","0.16","730","31.0","1962"
"301T7290","코스피200 P 202307 290.0","0.20","-0.02","0.21","0.21","0.19","20.90","0.20","879","44.0","6849"
"301T7292","코스피200 P 202307 292.5","0.23","-0.04","0.26","0.26","0.22","20.40","0.23","450","27.0","2471"
"301T7295","코스피200 P 202307 295.0","0.28","-0.04","0.29","0.30","0.27","19.90","0.28","537","38.0","2873"
"301T7297","코스피200 P 202307 297.5","0.34","-0.04","0.37","0.37","0.32","19.40","0.34","585","50.0","2588"
"301T7300","코스피200 P 202307 300.0","0.40","-0.08","0.43","0.45","0.38","19.10","0.40","1696","173.0","11348"
"301T7302","코스피200 P 202307 302.5","0.49","-0.07","0.54","0.54","0.46","18.70","0.49","878","106.0","1588"
"301T7305","코스피200 P 202307 305.0","0.58","-0.10","0.66","0.66","0.55","18.10","0.58","1188","173.0","5124"
"301T7307","코스피200 P 202307 307.5","0.68","-0.15","0.77","0.79","0.67","17.60","0.68","579","101.0","1846"
"301T7310","코스피200 P 202307 310.0","0.82","-0.17","0.94","0.94","0.80","17.30","0.82","1214","255.0","12462"
"301T7312","코스피200 P 202307 312.5","1.01","-0.20","1.14","1.15","0.98","16.90","1.01","759","195.0","1746"
"301T7315","코스피200 P 202307 315.0","1.22","-0.20","1.39","1.41","1.19","16.60","1.22","947","299.0","4772"
"301T7317","코스피200 P 202307 317.5","1.48","-0.30","1.69","1.72","1.44","16.20","1.48","927","352.0","1330"
"301T7320","코스피200 P 202307 320.0","1.80","-0.28","2.04","2.10","1.75","15.80","1.80","1400","641.0","11662"
"301T7322","코스피200 P 202307 322.5","2.25","-0.41","2.45","2.45","2.14","15.80","2.25","519","293.0","986"
"301T7325","코스피200 P 202307 325.0","2.66","-0.42","3.00","3.05","2.60","15.10","2.66","602","411.0","8400"
"301T7327","코스피200 P 202307 327.5","3.32","-0.41","3.70","3.70","3.18","15.10","3.32","243","202.0","2621"
"301T7330","코스피200 P 202307 330.0","3.90","-0.62","4.31","4.40","3.81","14.60","3.90","663","659.0","4406"
"301T7332","코스피200 P 202307 332.5","4.72","-0.79","5.20","5.20","4.61","14.40","4.72","136","166.0","537"
"301T7335","코스피200 P 202307 335.0","5.80","-0.61","6.17","6.17","5.52","14.40","5.80","211","307.0","3197"
"301T7337","코스피200 P 202307 337.5","6.93","-0.67","7.21","7.31","6.63","14.40","6.93","122","211.0","1032"
"301T7340","코스피200 P 202307 340.0","8.30","-1.15","8.20","8.43","7.85","14.30","8.30","71","144.0","237"
"301T7342","코스피200 P 202307 342.5","9.60","-0.90","10.50","10.50","9.22","14.30","9.60","26","62.0","87"
"301T7345","코스피200 P 202307 345.0",,,,,,"14.36","11.15","0","0.0","101"
"301T7347","코스피200 P 202307 347.5",,,,,,"14.43","12.90","0","0.0","7"
"301T7350","코스피200 P 202307 350.0","14.30","-1.20","15.00","15.00","14.30","14.50","14.30","3","11.0","61"
"301T7352","코스피200 P 202307 352.5",,,,,,"14.62","16.80","0","0.0","6"
"301T7355","코스피200 P 202307 355.0",,,,,,"14.75","18.90","0","0.0","1"
"301T7357","코스피200 P 202307 357.5",,,,,,"14.87","21.05","0","0.0","0"
"301T7360","코스피200 P 202307 360.0","23.50","-1.00","23.00","23.50","23.00","15.00","23.50","3","17.0","25"
"301T7362","코스피200 P 202307 362.5",,,,,,"15.50","25.65","0","0.0","0"
"301T7365","코스피200 P 202307 365.0","28.25","-1.65","28.50","28.50","28.20","16.00","28.25","4","28.0","8"
"301T7367","코스피200 P 202307 367.5",,,,,,"16.00","30.30","0","0.0","0"
"301T7370","코스피200 P 202307 370.0","32.65","-1.80","32.70","32.70","32.65","16.00","32.65","5","41.0","12"
"301T7372","코스피200 P 202307 372.5",,,,,,"16.00","35.05","0","0.0","0"
"301T7375","코스피200 P 202307 375.0",,,,,,"16.00","37.45","0","0.0","1"
"301T7377","코스피200 P 202307 377.5",,,,,,"16.00","39.90","0","0.0","5"
"301T7380","코스피200 P 202307 380.0",,,,,,"16.00","42.30","0","0.0","5"
"301T7382","코스피200 P 202307 382.5",,,,,,"16.00","44.80","0","0.0","0"
"301T7385","코스피200 P 202307 385.0",,,,,,"16.00","47.25","0","0.0","7"
"301T7387","코스피200 P 202307 387.5",,,,,,"16.00","49.70","0","0.0","0"
"301T7390","코스피200 P 202307 390.0",,,,,,"16.00","52.20","0","0.0","1"
"301T7392","코스피200 P 202307 392.5",,,,,,"16.00","54.65","0","0.0","0"
"301T7395","코스피200 P 202307 395.0",,,,,,"16.00","57.15","0","0.0","0"
"301T7397","코스피200 P 202307 397.5",,,,,,"16.00","59.65","0","0.0","0"
"301T7400","코스피200 P 202307 400.0",,,,,,"16.00","62.10","0","0.0","10"
"301T7402","코스피200 P 202307 402.5",,,,,,"16.00","64.60","0","0.0","0"
"301T7405","코스피200 P 202307 405.0",,,,,,"16.00","67.10","0","0.0","0"
"301T7407","코스피200 P 202307 407.5",,,,,,"16.00","69.60","0","0.0","0"
"301T7410","코스피200 P 202307 410.0",,,,,,"16.00","72.05","0","0.0","0"
"301T7412","코스피200 P 202307 412.5",,,,,,"16.00","74.55","0","0.0","0"
"301T7415","코스피200 P 202307 415.0",,,,,,"16.00","77.05","0","0.0","0"
"301T7417","코스피200 P 202307 417.5",,,,,,"16.00","79.55","0","0.0","0"
"301T7420","코스피200 P 202307 420.0",,,,,,"16.00","82.00","0","0.0","0"
"301T7422","코스피200 P 202307 422.5",,,,,,"16.00","84.50","0","0.0","0"
"301T7425","코스피200 P 202307 425.0",,,,,,"16.00","87.00","0","0.0","0"
"301T7427","코스피200 P 202307 427.5",,,,,,"16.00","89.50","0","0.0","0"
"301T7430","코스피200 P 202307 430.0",,,,,,"16.00","91.95","0","0.0","1"
"301T7432","코스피200 P 202307 432.5",,,,,,"16.00","94.45","0","0.0","0"
"301T7435","코스피200 P 202307 435.0",,,,,,"16.00","96.95","0","0.0","0"
"301T7437","코스피200 P 202307 437.5",,,,,,"16.00","99.45","0","0.0","0"
"301T7440","코스피200 P 202307 440.0",,,,,,"16.00","101.95","0","0.0","0"
"301T7442","코스피200 P 202307 442.5",,,,,,"16.00","104.40","0","0.0","0"
"301T7445","코스피200 P 202307 445.0",,,,,,"16.00","106.90","0","0.0","0"
"301T7447","코스피200 P 202307 447.5",,,,,,"16.00","109.40","0","0.0","0"
"301T7450","코스피200 P 202307 450.0",,,,,,"16.00","111.90","0","0.0","1"
"301T8185","코스피200 P 202308 185.0",,,,,,"32.40","0.01","0","0.0","1070"
"301T8187","코스피200 P 202308 187.5",,,,,,"32.40","0.01","0","0.0","25"
"301T8190","코스피200 P 202308 190.0",,,,,,"32.40","0.01","0","0.0","100"
"301T8192","코스피200 P 202308 192.5",,,,,,"32.40","0.01","0","0.0","3"
"301T8195","코스피200 P 202308 195.0",,,,,,"32.40","0.01","0","0.0","212"
"301T8197","코스피200 P 202308 197.5",,,,,,"32.40","0.01","0","0.0","1"
"301T8200","코스피200 P 202308 200.0",,,,,,"32.40","0.01","0","0.0","180"
"301T8202","코스피200 P 202308 202.5",,,,,,"32.40","0.01","0","0.0","196"
"301T8205","코스피200 P 202308 205.0",,,,,,"32.40","0.01","0","0.0","8"
"301T8207","코스피200 P 202308 207.5",,,,,,"32.40","0.01","0","0.0","5"
"301T8210","코스피200 P 202308 210.0",,,,,,"32.40","0.01","0","0.0","47"
"301T8212","코스피200 P 202308 212.5",,,,,,"32.40","0.01","0","0.0","2"
"301T8215","코스피200 P 202308 215.0",,,,,,"32.40","0.01","0","0.0","115"
"301T8217","코스피200 P 202308 217.5",,,,,,"32.40","0.01","0","0.0","32"
"301T8220","코스피200 P 202308 220.0","0.02","0.00","0.02","0.02","0.02","32.40","0.02","3","0.0","331"
"301T8222","코스피200 P 202308 222.5",,,,,,"31.88","0.02","0","0.0","121"
"301T8225","코스피200 P 202308 225.0",,,,,,"31.37","0.02","0","0.0","242"
"301T8227","코스피200 P 202308 227.5",,,,,,"30.85","0.02","0","0.0","313"
"301T8230","코스피200 P 202308 230.0",,,,,,"30.34","0.02","0","0.0","582"
"301T8232","코스피200 P 202308 232.5",,,,,,"29.82","0.02","0","0.0","413"
"301T8235","코스피200 P 202308 235.0",,,,,,"29.31","0.02","0","0.0","355"
"301T8237","코스피200 P 202308 237.5","0.04","0.00","0.04","0.04","0.04","28.80","0.04","3","0.0","31"
"301T8240","코스피200 P 202308 240.0",,,,,,"28.40","0.03","0","0.0","148"
"301T8242","코스피200 P 202308 242.5",,,,,,"28.00","0.04","0","0.0","17"
"301T8245","코스피200 P 202308 245.0",,,,,,"27.60","0.05","0","0.0","528"
"301T8247","코스피200 P 202308 247.5",,,,,,"27.20","0.05","0","0.0","1502"
"301T8250","코스피200 P 202308 250.0","0.07","-0.01","0.07","0.07","0.07","26.80","0.07","8","0.0","510"
"301T8252","코스피200 P 202308 252.5",,,,,,"26.38","0.06","0","0.0","149"
"301T8255","코스피200 P 202308 255.0",,,,,,"25.96","0.08","0","0.0","240"
"301T8257","코스피200 P 202308 257.5",,,,,,"25.54","0.09","0","0.0","152"
"301T8260","코스피200 P 202308 260.0",,,,,,"25.12","0.10","0","0.0","421"
"301T8262","코스피200 P 202308 262.5","0.13","0.00","0.13","0.13","0.13","24.70","0.13","48","2.0","751"
"301T8265","코스피200 P 202308 265.0","0.15","-0.02","0.16","0.16","0.15","24.40","0.15","6","0.0","419"
"301T8267","코스피200 P 202308 267.5","0.18","0.00","0.18","0.18","0.18","23.90","0.18","1","0.0","82"
"301T8270","코스피200 P 202308 270.0","0.20","-0.03","0.20","0.20","0.20","23.40","0.20","8","0.0","1405"
"301T8272","코스피200 P 202308 272.5","0.24","-0.02","0.24","0.24","0.24","23.30","0.24","1","0.0","346"
"301T8275","코스피200 P 202308 275.0","0.26","-0.04","0.28","0.28","0.26","22.80","0.26","305","21.0","1035"
"301T8277","코스피200 P 202308 277.5","0.30","-0.03","0.31","0.32","0.30","22.40","0.30","22","2.0","661"
"301T8280","코스피200 P 202308 280.0","0.34","-0.05","0.36","0.38","0.33","21.90","0.34","131","11.0","3049"
"301T8282","코스피200 P 202308 282.5","0.39","-0.06","0.40","0.40","0.38","21.60","0.39","50","5.0","242"
"301T8285","코스피200 P 202308 285.0","0.44","-0.05","0.47","0.47","0.43","21.10","0.44","466","53.0","1704"
"301T8287","코스피200 P 202308 287.5","0.52","-0.06","0.55","0.55","0.50","21.00","0.52","17","2.0","296"
"301T8290","코스피200 P 202308 290.0","0.58","-0.10","0.62","0.62","0.57","20.50","0.58","195","29.0","1440"
"301T8292","코스피200 P 202308 292.5","0.67","-0.08","0.70","0.71","0.65","20.10","0.67","18","3.0","485"
"301T8295","코스피200 P 202308 295.0","0.77","-0.10","0.84","0.84","0.74","19.70","0.77","67","13.0","908"
"301T8297","코스피200 P 202308 297.5","0.88","-0.10","0.93","0.93","0.85","19.30","0.88","44","10.0","427"
"301T8300","코스피200 P 202308 300.0","1.02","-0.12","1.07","1.07","0.99","19.10","1.02","226","58.0","5750"
"301T8302","코스피200 P 202308 302.5","1.18","-0.08","1.25","1.25","1.14","18.60","1.18","42","12.0","359"
"301T8305","코스피200 P 202308 305.0","1.34","-0.17","1.32","1.37","1.32","18.20","1.34","12","4.0","3085"
"301T8307","코스피200 P 202308 307.5","1.53","-0.21","1.64","1.64","1.52","17.90","1.53","78","30.0","131"
"301T8310","코스피200 P 202308 310.0","1.83","-0.24","1.88","1.88","1.76","17.70","1.83","49","22.0","2296"
"301T8312","코스피200 P 202308 312.5","2.10","-0.19","2.02","2.16","2.02","17.10","2.10","67","35.0","136"
"301T8315","코스피200 P 202308 315.0","2.46","-0.19","2.50","2.50","2.31","17.00","2.46","46","28.0","1042"
"301T8317","코스피200 P 202308 317.5","2.78","-0.27","2.72","2.87","2.72","16.80","2.78","43","30.0","57"
"301T8320","코스피200 P 202308 320.0","3.25","-0.31","3.30","3.32","3.18","16.40","3.25","1047","872.0","4379"
"301T8322","코스피200 P 202308 322.5","3.72","-0.47","3.64","3.76","3.64","16.30","3.72","83","77.0","79"
"301T8325","코스피200 P 202308 325.0","4.30","-0.55","4.17","4.45","4.17","16.00","4.30","30","32.0","1170"
"301T8327","코스피200 P 202308 327.5","4.95","-0.68","4.85","5.15","4.85","15.70","4.95","75","94.0","4821"
"301T8330","코스피200 P 202308 330.0","5.74","-0.57","5.64","5.74","5.64","15.40","5.74","2","3.0","1054"
"301T8332","코스피200 P 202308 332.5","6.49","-0.95","6.57","6.57","6.49","15.40","6.49","2","3.0","14"
"301T8335","코스피200 P 202308 335.0","7.44","-1.12","7.30","7.54","7.30","15.10","7.44","7","13.0","33"
"301T8337","코스피200 P 202308 337.5","8.74","-0.83","8.64","8.74","8.55","15.10","8.74","27","58.0","57"
"301T8340","코스피200 P 202308 340.0","9.70","-0.80","9.60","9.80","9.60","15.10","9.70","3","7.0","639"
"301T8342","코스피200 P 202308 342.5",,,,,,"15.00","11.15","0","0.0","18"
"301T8345","코스피200 P 202308 345.0","12.50","-1.45","12.50","12.50","12.50","14.90","12.50","1","3.0","19"
"301T8347","코스피200 P 202308 347.5",,,,,,"14.86","14.15","0","0.0","0"
"301T8350","코스피200 P 202308 350.0",,,,,,"14.83","15.85","0","0.0","5"
"301T8352","코스피200 P 202308 352.5","17.55","-1.20","17.55","17.55","17.55","14.80","17.55","2","9.0","6"
"301T8355","코스피200 P 202308 355.0",,,,,,"14.90","19.55","0","0.0","1"
"301T8357","코스피200 P 202308 357.5","21.85","-1.35","21.85","21.85","21.85","15.00","21.85","4","22.0","4"
"301T8360","코스피200 P 202308 360.0",,,,,,"15.00","23.50","0","0.0","0"
"301T8362","코스피200 P 202308 362.5",,,,,,"15.00","25.65","0","0.0","0"
"301T8365","코스피200 P 202308 365.0",,,,,,"15.00","27.75","0","0.0","0"
"301T8367","코스피200 P 202308 367.5",,,,,,"15.00","29.95","0","0.0","0"
"301T8370","코스피200 P 202308 370.0",,,,,,"15.00","32.20","0","0.0","0"
"301T8372","코스피200 P 202308 372.5",,,,,,"15.00","34.50","0","0.0","0"
"301T8375","코스피200 P 202308 375.0",,,,,,"15.00","36.80","0","0.0","0"
"301T8377","코스피200 P 202308 377.5",,,,,,"15.00","39.15","0","0.0","0"
"301T8380","코스피200 P 202308 380.0",,,,,,"15.00","41.50","0","0.0","0"
"301T8382","코스피200 P 202308 382.5",,,,,,"15.00","43.90","0","0.0","0"
"301T8385","코스피200 P 202308 385.0",,,,,,"15.00","46.35","0","0.0","0"
"301T8387","코스피200 P 202308 387.5",,,,,,"15.00","48.75","0","0.0","0"
"301T8390","코스피200 P 202308 390.0",,,,,,"15.00","51.20","0","0.0","0"
"301T8392","코스피200 P 202308 392.5",,,,,,"15.00","53.65","0","0.0","0"
"301T8395","코스피200 P 202308 395.0",,,,,,"15.00","56.10","0","0.0","0"
"301T8397","코스피200 P 202308 397.5",,,,,,"15.00","58.55","0","0.0","0"
"301T8400","코스피200 P 202308 400.0",,,,,,"15.00","61.00","0","0.0","0"
"301T8402","코스피200 P 202308 402.5",,,,,,"15.00","63.50","0","0.0","0"
"301T8405","코스피200 P 202308 405.0",,,,,,"15.00","65.95","0","0.0","1"
"301T8407","코스피200 P 202308 407.5",,,,,,"15.00","68.45","0","0.0","0"
"301T8410","코스피200 P 202308 410.0",,,,,,"15.00","70.90","0","0.0","0"
"301T8412","코스피200 P 202308 412.5",,,,,,"15.00","73.40","0","0.0","0"
"301T8415","코스피200 P 202308 415.0",,,,,,"15.00","75.85","0","0.0","0"
"301T8417","코스피200 P 202308 417.5",,,,,,"15.00","78.35","0","0.0","0"
"301T8420","코스피200 P 202308 420.0",,,,,,"15.00","80.80","0","0.0","0"
"301T8422","코스피200 P 202308 422.5",,,,,,"15.00","83.30","0","0.0","0"
"301T8425","코스피200 P 202308 425.0",,,,,,"15.00","85.80","0","0.0","0"
"301T8427","코스피200 P 202308 427.5",,,,,,"15.00","88.25","0","0.0","0"
"301T8430","코스피200 P 202308 430.0",,,,,,"15.00","90.75","0","0.0","0"
"301T8432","코스피200 P 202308 432.5",,,,,,"15.00","93.20","0","0.0","0"
"301T8435","코스피200 P 202308 435.0",,,,,,"15.00","95.70","0","0.0","0"
"301T8437","코스피200 P 202308 437.5",,,,,,"15.00","98.20","0","0.0","0"
"301T8440","코스피200 P 202308 440.0",,,,,,"15.00","100.65","0","0.0","0"
"301T8442","코스피200 P 202308 442.5",,,,,,"15.00","103.15","0","0.0","0"
"301T8445","코스피200 P 202308 445.0",,,,,,"15.00","105.65","0","0.0","0"
"301T8447","코스피200 P 202308 447.5",,,,,,"15.00","108.10","0","0.0","0"
"301T8450","코스피200 P 202308 450.0",,,,,,"15.00","110.60","0","0.0","0"
"301T8452","코스피200 P 202308 452.5",,,,,,"15.00","113.05","0","0.0","0"
"301T8455","코스피200 P 202308 455.0",,,,,,"15.00","115.55","0","0.0","0"
"301T9160","코스피200 P 202309 160.0","0.01","0.00","0.01","0.02","0.01","43.20","0.01","14","0.0","6028"
"301T9165","코스피200 P 202309 165.0",,,,,,"42.12","0.01","0","0.0","257"
"301T9170","코스피200 P 202309 170.0",,,,,,"41.04","0.01","0","0.0","211"
"301T9175","코스피200 P 202309 175.0",,,,,,"39.96","0.01","0","0.0","64"
"301T9180","코스피200 P 202309 180.0",,,,,,"38.88","0.02","0","0.0","163"
"301T9185","코스피200 P 202309 185.0",,,,,,"37.80","0.02","0","0.0","252"
"301T9190","코스피200 P 202309 190.0",,,,,,"36.71","0.02","0","0.0","365"
"301T9195","코스피200 P 202309 195.0",,,,,,"35.64","0.03","0","0.0","26"
"301T9200","코스피200 P 202309 200.0",,,,,,"34.56","0.03","0","0.0","4043"
"301T9205","코스피200 P 202309 205.0",,,,,,"33.48","0.03","0","0.0","251"
"301T9210","코스피200 P 202309 210.0","0.05","-0.01","0.05","0.06","0.05","32.40","0.05","162","2.0","1812"
"301T9215","코스피200 P 202309 215.0",,,,,,"31.80","0.05","0","0.0","73"
"301T9220","코스피200 P 202309 220.0","0.08","-0.01","0.08","0.08","0.08","31.20","0.08","1","0.0","833"
"301T9225","코스피200 P 202309 225.0",,,,,,"30.50","0.08","0","0.0","247"
"301T9230","코스피200 P 202309 230.0","0.13","-0.01","0.13","0.13","0.13","29.80","0.13","3","0.0","1167"
"301T9235","코스피200 P 202309 235.0",,,,,,"29.05","0.14","0","0.0","348"
"301T9240","코스피200 P 202309 240.0","0.18","-0.01","0.18","0.18","0.18","28.30","0.18","43","2.0","3140"
"301T9245","코스피200 P 202309 245.0","0.22","-0.01","0.22","0.22","0.22","27.30","0.22","2","0.0","406"
"301T9250","코스피200 P 202309 250.0","0.28","-0.02","0.28","0.28","0.28","26.60","0.28","3","0.0","2648"
"301T9255","코스피200 P 202309 255.0","0.31","-0.03","0.33","0.33","0.31","25.60","0.31","3","0.0","540"
"301T9260","코스피200 P 202309 260.0","0.39","-0.02","0.39","0.39","0.39","25.10","0.39","2","0.0","3650"
"301T9265","코스피200 P 202309 265.0","0.47","-0.02","0.46","0.47","0.46","24.10","0.47","68","8.0","2745"
"301T9270","코스피200 P 202309 270.0","0.55","-0.07","0.53","0.58","0.53","23.10","0.55","17","2.0","9419"
"301T9275","코스피200 P 202309 275.0","0.68","-0.05","0.68","0.69","0.68","22.60","0.68","3","1.0","2174"
"301T9280","코스피200 P 202309 280.0","0.82","-0.08","0.85","0.85","0.81","21.70","0.82","14","3.0","8881"
"301T9285","코스피200 P 202309 285.0","1.02","-0.09","1.05","1.05","0.99","21.00","1.02","41","11.0","5443"
"301T9290","코스피200 P 202309 290.0","1.24","-0.09","1.29","1.29","1.21","20.40","1.24","46","15.0","11240"
"301T9295","코스피200 P 202309 295.0","1.54","-0.11","1.60","1.60","1.49","19.60","1.54","12","5.0","1591"
"301T9300","코스피200 P 202309 300.0","1.88","-0.16","1.86","1.88","1.86","18.80","1.88","2452","1140.0","12438"
"301T9305","코스피200 P 202309 305.0","2.40","-0.17","2.37","2.40","2.35","18.40","2.40","16","9.0","5871"
"301T9310","코스피200 P 202309 310.0","3.00","-0.22","3.00","3.00","2.92","17.80","3.00","415","311.0","11443"
"301T9315","코스피200 P 202309 315.0",,,,,,"17.32","3.62","0","0.0","2894"
"301T9320","코스피200 P 202309 320.0",,,,,,"16.85","4.64","0","0.0","9875"
"301T9325","코스피200 P 202309 325.0",,,,,,"16.37","5.80","0","0.0","7425"
"301T9330","코스피200 P 202309 330.0","7.40","-0.99","7.51","7.51","7.40","15.90","7.40","906","1707.0","5825"
"301T9335","코스피200 P 202309 335.0",,,,,,"15.83","9.29","400","970.0","913"
"301T9340","코스피200 P 202309 340.0",,,,,,"15.76","11.55","2000","6050.0","2219"
"301T9345","코스피200 P 202309 345.0",,,,,,"15.70","14.35","0","0.0","2"
"301T9350","코스피200 P 202309 350.0",,,,,,"15.63","17.30","0","0.0","2"
"301T9355","코스피200 P 202309 355.0",,,,,,"15.56","20.65","0","0.0","0"
"301T9360","코스피200 P 202309 360.0","24.35","-1.90","24.35","24.35","24.35","15.50","24.35","1","6.0","9"
"301T9365","코스피200 P 202309 365.0",,,,,,"15.50","28.15","0","0.0","1000"
"301T9370","코스피200 P 202309 370.0",,,,,,"15.50","32.30","0","0.0","0"
"301T9375","코스피200 P 202309 375.0",,,,,,"15.50","36.55","0","0.0","0"
"301T9380","코스피200 P 202309 380.0",,,,,,"15.50","41.05","0","0.0","0"
"301T9385","코스피200 P 202309 385.0",,,,,,"15.50","45.60","0","0.0","0"
"301T9390","코스피200 P 202309 390.0",,,,,,"15.50","50.30","0","0.0","0"
"301T9395","코스피200 P 202309 395.0",,,,,,"15.50","55.05","0","0.0","0"
"301T9400","코스피200 P 202309 400.0",,,,,,"15.50","59.85","0","0.0","200"
"301T9405","코스피200 P 202309 405.0",,,,,,"15.50","64.70","0","0.0","0"
"301T9410","코스피200 P 202309 410.0",,,,,,"15.50","69.55","0","0.0","0"
"301T9415","코스피200 P 202309 415.0",,,,,,"15.50","74.45","0","0.0","0"
"301T9420","코스피200 P 202309 420.0",,,,,,"15.50","79.40","0","0.0","0"
"301T9425","코스피200 P 202309 425.0",,,,,,"15.50","84.30","0","0.0","0"
"301T9430","코스피200 P 202309 430.0",,,,,,"15.50","89.25","0","0.0","0"
"301T9435","코스피200 P 202309 435.0",,,,,,"15.50","94.15","0","0.0","0"
"301T9440","코스피200 P 202309 440.0",,,,,,"15.50","99.10","0","0.0","0"
"301T9445","코스피200 P 202309 445.0",,,,,,"15.50","104.05","0","0.0","0"
"301T9450","코스피200 P 202309 450.0",,,,,,"15.50","109.00","0","0.0","0"
"301T9455","코스피200 P 202309 455.0",,,,,,"15.50","113.95","0","0.0","1"
"301TA205","코스피200 P 202310 205.0","0.10","-0.01","0.10","0.10","0.10","32.90","0.10","3","0.0","145"
"301TA210","코스피200 P 202310 210.0","0.11","-0.02","0.11","0.11","0.11","31.60","0.11","1","0.0","109"
"301TA215","코스피200 P 202310 215.0",,,,,,"30.90","0.12","0","0.0","17"
"301TA220","코스피200 P 202310 220.0","0.16","-0.01","0.16","0.16","0.15","30.20","0.16","28","1.0","318"
"301TA225","코스피200 P 202310 225.0",,,,,,"29.43","0.17","0","0.0","13"
"301TA230","코스피200 P 202310 230.0",,,,,,"28.67","0.20","0","0.0","8"
"301TA235","코스피200 P 202310 235.0",,,,,,"27.91","0.25","0","0.0","12"
"301TA240","코스피200 P 202310 240.0",,,,,,"27.14","0.30","0","0.0","45"
"301TA245","코스피200 P 202310 245.0",,,,,,"26.38","0.35","0","0.0","75"
"301TA250","코스피200 P 202310 250.0",,,,,,"25.62","0.40","0","0.0","24"
"301TA255","코스피200 P 202310 255.0",,,,,,"24.86","0.48","0","0.0","13"
"301TA260","코스피200 P 202310 260.0","0.62","-0.04","0.63","0.63","0.62","24.10","0.62","17","3.0","91"
"301TA265","코스피200 P 202310 265.0",,,,,,"23.45","0.69","0","0.0","498"
"301TA270","코스피200 P 202310 270.0","0.86","-0.05","0.85","0.86","0.85","22.80","0.86","2","0.0","1904"
"301TA275","코스피200 P 202310 275.0","1.01","-0.07","1.06","1.06","1.01","21.80","1.01","9","2.0","269"
"301TA280","코스피200 P 202310 280.0","1.23","0.07","1.26","1.26","1.21","21.20","1.23","11","3.0","1630"
"301TA285","코스피200 P 202310 285.0","1.47","0.06","1.52","1.52","1.44","20.70","1.47","34","12.0","304"
"301TA290","코스피200 P 202310 290.0","1.76","-0.13","1.78","1.84","1.75","19.80","1.76","418","186.0","502"
"301TA295","코스피200 P 202310 295.0","2.16","-0.09","2.18","2.18","2.12","19.40","2.16","7","4.0","278"
"301TA300","코스피200 P 202310 300.0","2.61","-0.20","2.60","2.62","2.60","18.80","2.61","5","3.0","3231"
"301TA305","코스피200 P 202310 305.0","3.17","-0.22","3.26","3.27","3.12","18.20","3.17","13","10.0","32"
"301TA310","코스피200 P 202310 310.0","3.91","-0.63","3.81","4.01","3.81","17.90","3.91","13","13.0","1023"
"301TA315","코스피200 P 202310 315.0","4.79","-1.03","4.89","4.91","4.68","17.30","4.79","13","16.0","19"
"301TA320","코스피200 P 202310 320.0","5.81","-1.52","5.81","5.84","5.81","16.90","5.81","3","4.0","757"
"301TA325","코스피200 P 202310 325.0","7.14","-1.97","7.14","7.14","7.14","16.40","7.14","1","2.0","809"
"301TA330","코스피200 P 202310 330.0","8.70","-2.40","8.65","8.70","8.65","16.10","8.70","2","4.0","804"
"301TA335","코스피200 P 202310 335.0","10.55","-2.85","10.55","10.55","10.55","15.60","10.55","1","3.0","1"
"301TA340","코스피200 P 202310 340.0",,,,,,"15.60","12.70","0","0.0","0"
"301TA345","코스피200 P 202310 345.0",,,,,,"15.60","15.55","0","0.0","0"
"301TA350","코스피200 P 202310 350.0",,,,,,"15.60","18.45","0","0.0","0"
"301TA355","코스피200 P 202310 355.0",,,,,,"15.60","21.80","0","0.0","0"
"301TA360","코스피200 P 202310 360.0",,,,,,"15.60","25.25","0","0.0","0"
"301TA365","코스피200 P 202310 365.0",,,,,,"15.60","29.10","0","0.0","0"
"301TA370","코스피200 P 202310 370.0",,,,,,"15.60","33.00","0","0.0","0"
"301TA375","코스피200 P 202310 375.0",,,,,,"15.60","37.20","0","0.0","0"
"301TA380","코스피200 P 202310 380.0",,,,,,"15.60","41.45","0","0.0","0"
"301TA385","코스피200 P 202310 385.0",,,,,,"15.60","45.95","0","0.0","0"
"301TA390","코스피200 P 202310 390.0",,,,,,"15.60","50.45","0","0.0","0"
"301TA395","코스피200 P 202310 395.0",,,,,,"15.60","55.15","0","0.0","0"
"301TA400","코스피200 P 202310 400.0",,,,,,"15.60","59.80","0","0.0","0"
"301TA405","코스피200 P 202310 405.0",,,,,,"15.60","64.60","0","0.0","0"
"301TA410","코스피200 P 202310 410.0",,,,,,"15.60","69.40","0","0.0","0"
"301TA415","코스피200 P 202310 415.0",,,,,,"15.60","74.25","0","0.0","0"
"301TA420","코스피200 P 202310 420.0",,,,,,"15.60","79.10","0","0.0","0"
"301TA425","코스피200 P 202310 425.0",,,,,,"15.60","83.95","0","0.0","0"
"301TA430","코스피200 P 202310 430.0",,,,,,"15.60","88.85","0","0.0","0"
"301TA435","코스피200 P 202310 435.0",,,,,,"15.60","93.75","0","0.0","0"
"301TA440","코스피200 P 202310 440.0",,,,,,"15.60","98.70","0","0.0","0"
"301TA445","코스피200 P 202310 445.0",,,,,,"15.60","103.60","0","0.0","0"
"301TA450","코스피200 P 202310 450.0",,,,,,"15.60","108.55","0","0.0","0"
"301TA455","코스피200 P 202310 455.0",,,,,,"15.60","113.45","0","0.0","1"
"301TB205","코스피200 P 202311 205.0",,,,,,"23.20","0.01","0","0.0","133"
"301TB210","코스피200 P 202311 210.0",,,,,,"23.20","0.01","0","0.0","14"
"301TB215","코스피200 P 202311 215.0",,,,,,"23.20","0.02","0","0.0","0"
"301TB220","코스피200 P 202311 220.0",,,,,,"23.20","0.03","0","0.0","7"
"301TB225","코스피200 P 202311 225.0",,,,,,"23.20","0.05","0","0.0","3"
"301TB230","코스피200 P 202311 230.0",,,,,,"23.20","0.07","0","0.0","19"
"301TB235","코스피200 P 202311 235.0",,,,,,"23.20","0.12","0","0.0","33"
"301TB240","코스피200 P 202311 240.0",,,,,,"23.20","0.17","0","0.0","18"
"301TB245","코스피200 P 202311 245.0",,,,,,"23.20","0.26","0","0.0","60"
"301TB250","코스피200 P 202311 250.0",,,,,,"23.20","0.37","0","0.0","21"
"301TB255","코스피200 P 202311 255.0",,,,,,"23.20","0.54","0","0.0","116"
"301TB260","코스피200 P 202311 260.0",,,,,,"23.20","0.74","0","0.0","13"
"301TB265","코스피200 P 202311 265.0","1.09","-0.03","1.09","1.09","1.09","23.20","1.09","1","0.0","133"
"301TB270","코스피200 P 202311 270.0","1.28","-0.03","1.26","1.28","1.26","22.70","1.28","3","1.0","43"
"301TB275","코스피200 P 202311 275.0","1.45","-0.05","1.45","1.45","1.45","21.90","1.45","3","1.0","69"
"301TB280","코스피200 P 202311 280.0",,,,,,"21.20","1.60","0","0.0","62"
"301TB285","코스피200 P 202311 285.0","2.00","-0.04","2.04","2.04","2.00","20.50","2.00","6","3.0","224"
"301TB290","코스피200 P 202311 290.0","2.36","-0.15","2.42","2.43","2.36","20.00","2.36","4","2.0","1512"
"301TB295","코스피200 P 202311 295.0","2.81","-0.54","2.81","2.81","2.81","19.50","2.81","1","1.0","1"
"301TB300","코스피200 P 202311 300.0","3.36","-0.87","3.36","3.36","3.36","18.80","3.36","1","1.0","728"
"301TB305","코스피200 P 202311 305.0","4.02","-1.29","4.02","4.02","4.02","18.40","4.02","1","1.0","1"
"301TB310","코스피200 P 202311 310.0",,,,,,"18.40","5.01","0","0.0","0"
"301TB315","코스피200 P 202311 315.0",,,,,,"18.40","6.29","0","0.0","340"
"301TB320","코스피200 P 202311 320.0",,,,,,"18.40","7.76","0","0.0","0"
"301TB325","코스피200 P 202311 325.0",,,,,,"18.40","9.53","0","0.0","1000"
"301TB330","코스피200 P 202311 330.0",,,,,,"18.40","11.35","0","0.0","500"
"301TB335","코스피200 P 202311 335.0",,,,,,"18.40","13.65","0","0.0","0"
"301TB340","코스피200 P 202311 340.0",,,,,,"18.40","16.00","0","0.0","0"
"301TB345","코스피200 P 202311 345.0",,,,,,"18.40","18.70","0","0.0","0"
"301TB350","코스피200 P 202311 350.0",,,,,,"18.40","21.60","0","0.0","0"
"301TB355","코스피200 P 202311 355.0",,,,,,"18.40","24.60","0","0.0","0"
"301TB360","코스피200 P 202311 360.0",,,,,,"18.40","28.00","0","0.0","0"
"301TB365","코스피200 P 202311 365.0",,,,,,"18.40","31.40","0","0.0","0"
"301TB370","코스피200 P 202311 370.0",,,,,,"18.40","35.15","0","0.0","0"
"301TB375","코스피200 P 202311 375.0",,,,,,"18.40","39.00","0","0.0","0"
"301TB380","코스피200 P 202311 380.0",,,,,,"18.40","42.90","0","0.0","0"
"301TB385","코스피200 P 202311 385.0",,,,,,"18.40","47.10","0","0.0","0"
"301TB390","코스피200 P 202311 390.0",,,,,,"18.40","51.35","0","0.0","0"
"301TB395","코스피200 P 202311 395.0",,,,,,"18.40","55.65","0","0.0","0"
"301TB400","코스피200 P 202311 400.0",,,,,,"18.40","60.15","0","0.0","0"
"301TB405","코스피200 P 202311 405.0",,,,,,"18.40","64.65","0","0.0","0"
"301TB410","코스피200 P 202311 410.0",,,,,,"18.40","69.25","0","0.0","0"
"301TB415","코스피200 P 202311 415.0",,,,,,"18.40","73.90","0","0.0","0"
"301TB420","코스피200 P 202311 420.0",,,,,,"18.40","78.55","0","0.0","0"
"301TB425","코스피200 P 202311 425.0",,,,,,"18.40","83.30","0","0.0","0"
"301TB430","코스피200 P 202311 430.0",,,,,,"18.40","88.10","0","0.0","0"
"301TB435","코스피200 P 202311 435.0",,,,,,"18.40","92.90","0","0.0","0"
"301TB440","코스피200 P 202311 440.0",,,,,,"18.40","97.75","0","0.0","0"
"301TB445","코스피200 P 202311 445.0",,,,,,"18.40","102.60","0","0.0","0"
"301TB450","코스피200 P 202311 450.0",,,,,,"18.40","107.45","0","0.0","0"
"301TB455","코스피200 P 202311 455.0",,,,,,"18.40","112.30","0","0.0","0"
"301TC160","코스피200 P 202312 160.0","0.08","-0.01","0.08","0.08","0.08","38.60","0.08","5","0.0","4370"
"301TC165","코스피200 P 202312 165.0",,,,,,"37.87","0.09","0","0.0","50"
"301TC170","코스피200 P 202312 170.0",,,,,,"37.15","0.10","0","0.0","5472"
"301TC175","코스피200 P 202312 175.0",,,,,,"36.42","0.12","0","0.0","42"
"301TC180","코스피200 P 202312 180.0","0.16","-0.02","0.16","0.16","0.16","35.70","0.16","38","2.0","2857"
"301TC185","코스피200 P 202312 185.0","0.18","-0.02","0.18","0.18","0.18","34.80","0.18","1","0.0","403"
"301TC190","코스피200 P 202312 190.0","0.21","-0.02","0.21","0.21","0.21","34.10","0.21","1","0.0","116"
"301TC195","코스피200 P 202312 195.0",,,,,,"33.40","0.23","0","0.0","31"
"301TC200","코스피200 P 202312 200.0","0.28","-0.03","0.28","0.28","0.28","32.70","0.28","3","0.0","4974"
"301TC205","코스피200 P 202312 205.0","0.31","-0.05","0.31","0.31","0.31","31.70","0.31","4","0.0","95"
"301TC210","코스피200 P 202312 210.0","0.38","-0.03","0.37","0.38","0.37","31.10","0.38","3","0.0","622"
"301TC215","코스피200 P 202312 215.0",,,,,,"30.36","0.41","0","0.0","100"
"301TC220","코스피200 P 202312 220.0",,,,,,"29.63","0.46","0","0.0","6861"
"301TC225","코스피200 P 202312 225.0","0.53","-0.04","0.53","0.53","0.53","28.90","0.53","1","0.0","171"
"301TC230","코스피200 P 202312 230.0","0.60","-0.05","0.61","0.61","0.59","27.90","0.60","6","1.0","6998"
"301TC235","코스피200 P 202312 235.0","0.69","-0.05","0.69","0.69","0.69","27.20","0.69","1","0.0","202"
"301TC240","코스피200 P 202312 240.0","0.79","-0.04","0.79","0.79","0.79","26.40","0.79","1","0.0","6675"
"301TC245","코스피200 P 202312 245.0","0.90","-0.02","0.90","0.90","0.90","25.90","0.90","1","0.0","185"
"301TC250","코스피200 P 202312 250.0","1.05","-0.01","1.02","1.05","1.02","25.40","1.05","3","1.0","15738"
"301TC255","코스피200 P 202312 255.0","1.17","-0.09","1.17","1.17","1.17","24.40","1.17","1","0.0","465"
"301TC260","코스피200 P 202312 260.0","1.33","-0.10","1.37","1.37","1.33","23.70","1.33","2","1.0","6477"
"301TC265","코스피200 P 202312 265.0","1.53","-0.05","1.53","1.53","1.53","23.10","1.53","1","0.0","250"
"301TC270","코스피200 P 202312 270.0","1.78","-0.09","1.78","1.78","1.78","22.60","1.78","1","0.0","17892"
"301TC275","코스피200 P 202312 275.0","2.02","-0.18","2.06","2.06","2.02","21.80","2.02","2","1.0","2201"
"301TC280","코스피200 P 202312 280.0","2.38","-0.18","2.38","2.38","2.38","21.30","2.38","1","1.0","20145"
"301TC285","코스피200 P 202312 285.0","2.72","-0.15","2.77","2.77","2.72","20.80","2.72","4","3.0","665"
"301TC290","코스피200 P 202312 290.0","3.19","-0.16","3.16","3.19","3.16","20.30","3.19","12","10.0","8047"
"301TC295","코스피200 P 202312 295.0","3.70","-0.14","3.70","3.78","3.68","19.60","3.70","7","6.0","1219"
"301TC300","코스피200 P 202312 300.0","4.35","-0.11","4.46","4.46","4.35","19.20","4.35","41","46.0","21340"
"301TC305","코스피200 P 202312 305.0","5.12","-0.09","5.25","5.25","5.12","18.80","5.12","2","3.0","757"
"301TC310","코스피200 P 202312 310.0","6.11","-0.23","6.11","6.11","6.11","18.30","6.11","21","32.0","9814"
"301TC315","코스피200 P 202312 315.0",,,,,,"18.00","6.94","0","0.0","1595"
"301TC320","코스피200 P 202312 320.0",,,,,,"17.70","8.25","0","0.0","12366"
"301TC325","코스피200 P 202312 325.0",,,,,,"17.40","9.72","0","0.0","2607"
"301TC330","코스피200 P 202312 330.0",,,,,,"17.10","11.25","400","1155.0","9719"
"301TC335","코스피200 P 202312 335.0",,,,,,"16.80","13.20","250","859.0","781"
"301TC340","코스피200 P 202312 340.0","15.55","0.40","15.55","15.55","15.55","16.50","15.55","2","8.0","8888"
"301TC345","코스피200 P 202312 345.0",,,,,,"16.50","17.85","0","0.0","25"
"301TC350","코스피200 P 202312 350.0",,,,,,"16.50","20.65","0","0.0","6727"
"301TC355","코스피200 P 202312 355.0",,,,,,"16.50","23.60","0","0.0","3"
"301TC360","코스피200 P 202312 360.0",,,,,,"16.50","26.95","0","0.0","4946"
"301TC365","코스피200 P 202312 365.0",,,,,,"16.50","30.25","0","0.0","3"
"301TC370","코스피200 P 202312 370.0",,,,,,"16.50","34.00","0","0.0","5012"
"301TC375","코스피200 P 202312 375.0",,,,,,"16.50","37.75","0","0.0","19"
"301TC380","코스피200 P 202312 380.0",,,,,,"16.50","41.65","0","0.0","1978"
"301TC385","코스피200 P 202312 385.0",,,,,,"16.50","45.80","0","0.0","600"
"301TC390","코스피200 P 202312 390.0",,,,,,"16.50","50.00","0","0.0","3508"
"301TC395","코스피200 P 202312 395.0",,,,,,"16.50","54.30","0","0.0","0"
"301TC400","코스피200 P 202312 400.0",,,,,,"16.50","58.75","0","0.0","2411"
"301TC405","코스피200 P 202312 405.0",,,,,,"16.50","63.20","0","0.0","0"
"301TC410","코스피200 P 202312 410.0",,,,,,"16.50","67.80","0","0.0","501"
"301TC415","코스피200 P 202312 415.0",,,,,,"16.50","72.45","0","0.0","0"
"301TC420","코스피200 P 202312 420.0",,,,,,"16.50","77.10","0","0.0","1500"
"301TC425","코스피200 P 202312 425.0",,,,,,"16.50","81.85","0","0.0","0"
"301TC430","코스피200 P 202312 430.0",,,,,,"16.50","86.60","0","0.0","1800"
"301TC435","코스피200 P 202312 435.0",,,,,,"16.50","91.35","0","0.0","0"
"301TC440","코스피200 P 202312 440.0",,,,,,"16.50","96.15","0","0.0","3"
"301TC445","코스피200 P 202312 445.0",,,,,,"16.50","101.00","0","0.0","0"
"301TC450","코스피200 P 202312 450.0",,,,,,"16.50","105.85","0","0.0","201"
"301TC455","코스피200 P 202312 455.0",,,,,,"16.50","110.70","0","0.0","0"
"301TC460","코스피200 P 202312 460.0",,,,,,"16.50","115.55","0","0.0","1"
"301TC465","코스피200 P 202312 465.0",,,,,,"16.50","120.45","0","0.0","0"
"301TC470","코스피200 P 202312 470.0",,,,,,"16.50","125.30","0","0.0","3"
"301TC475","코스피200 P 202312 475.0",,,,,,"16.50","130.20","0","0.0","0"
"301TC480","코스피200 P 202312 480.0",,,,,,"16.50","135.10","0","0.0","0"
"301TC485","코스피200 P 202312 485.0",,,,,,"16.50","139.95","0","0.0","0"
"301TC490","코스피200 P 202312 490.0",,,,,,"16.50","144.85","0","0.0","0"
"301TC495","코스피200 P 202312 495.0",,,,,,"16.50","149.75","0","0.0","0"
"301TC500","코스피200 P 202312 500.0",,,,,,"16.50","154.65","0","0.0","231"
"301TC505","코스피200 P 202312 505.0",,,,,,"16.50","159.55","0","0.0","0"
"301TC510","코스피200 P 202312 510.0",,,,,,"16.50","164.45","0","0.0","0"
"301TC515","코스피200 P 202312 515.0",,,,,,"16.50","169.35","0","0.0","0"
"301TC520","코스피200 P 202312 520.0",,,,,,"16.50","174.25","0","0.0","185"
"301V3185","코스피200 P 202403 185.0","0.44","-0.01","0.44","0.44","0.44","32.30","0.44","1","0.0","195"
"301V3190","코스피200 P 202403 190.0","0.52","0.01","0.51","0.52","0.51","31.90","0.52","4","1.0","100"
"301V3195","코스피200 P 202403 195.0",,,,,,"31.23","0.55","0","0.0","5"
"301V3200","코스피200 P 202403 200.0",,,,,,"30.57","0.62","0","0.0","45"
"301V3205","코스피200 P 202403 205.0",,,,,,"29.90","0.72","0","0.0","80"
"301V3210","코스피200 P 202403 210.0",,,,,,"29.24","0.83","0","0.0","47"
"301V3215","코스피200 P 202403 215.0",,,,,,"28.57","0.93","0","0.0","10"
"301V3220","코스피200 P 202403 220.0",,,,,,"27.91","1.02","0","0.0","65"
"301V3225","코스피200 P 202403 225.0",,,,,,"27.25","1.12","0","0.0","6"
"301V3230","코스피200 P 202403 230.0",,,,,,"26.58","1.26","0","0.0","30"
"301V3235","코스피200 P 202403 235.0",,,,,,"25.92","1.44","0","0.0","6"
"301V3240","코스피200 P 202403 240.0",,,,,,"25.25","1.61","0","0.0","2025"
"301V3245","코스피200 P 202403 245.0",,,,,,"24.59","1.77","0","0.0","88"
"301V3250","코스피200 P 202403 250.0",,,,,,"23.92","1.92","0","0.0","425"
"301V3255","코스피200 P 202403 255.0",,,,,,"23.26","2.14","0","0.0","39"
"301V3260","코스피200 P 202403 260.0","2.45","-0.06","2.45","2.45","2.45","22.60","2.45","1","1.0","1096"
"301V3265","코스피200 P 202403 265.0",,,,,,"22.10","2.76","0","0.0","34"
"301V3270","코스피200 P 202403 270.0",,,,,,"21.60","3.09","300","238.0","1163"
"301V3275","코스피200 P 202403 275.0",,,,,,"21.10","3.47","0","0.0","36"
"301V3280","코스피200 P 202403 280.0",,,,,,"20.60","4.02","0","0.0","13"
"301V3285","코스피200 P 202403 285.0","4.57","-0.24","4.57","4.57","4.57","20.10","4.57","1","1.0","7"
"301V3290","코스피200 P 202403 290.0",,,,,,"20.10","5.41","600","750.0","1815"
"301V3295","코스피200 P 202403 295.0",,,,,,"20.10","6.57","0","0.0","12"
"301V3300","코스피200 P 202403 300.0",,,,,,"20.10","7.82","0","0.0","1510"
"301V3305","코스피200 P 202403 305.0",,,,,,"20.10","9.08","0","0.0","13"
"301V3310","코스피200 P 202403 310.0",,,,,,"20.10","10.70","0","0.0","505"
"301V3315","코스피200 P 202403 315.0",,,,,,"20.10","12.40","0","0.0","5"
"301V3320","코스피200 P 202403 320.0",,,,,,"20.10","14.15","0","0.0","1600"
"301V3325","코스피200 P 202403 325.0",,,,,,"20.10","16.15","0","0.0","6"
"301V3330","코스피200 P 202403 330.0",,,,,,"20.10","18.45","0","0.0","1205"
"301V3335","코스피200 P 202403 335.0",,,,,,"20.10","20.70","400","2000.0","751"
"301V3340","코스피200 P 202403 340.0",,,,,,"20.10","23.05","0","0.0","1200"
"301V3345","코스피200 P 202403 345.0",,,,,,"20.10","25.90","0","0.0","1"
"301V3350","코스피200 P 202403 350.0",,,,,,"20.10","28.70","0","0.0","503"
"301V3355","코스피200 P 202403 355.0",,,,,,"20.10","31.55","0","0.0","0"
"301V3360","코스피200 P 202403 360.0",,,,,,"20.10","34.65","0","0.0","0"
"301V3365","코스피200 P 202403 365.0",,,,,,"20.10","38.00","0","0.0","1"
"301V3370","코스피200 P 202403 370.0",,,,,,"20.10","41.35","0","0.0","1"
"301V3375","코스피200 P 202403 375.0",,,,,,"20.10","44.65","0","0.0","0"
"301V3380","코스피200 P 202403 380.0",,,,,,"20.10","48.35","0","0.0","1"
"301V3385","코스피200 P 202403 385.0",,,,,,"20.10","52.15","0","0.0","1"
"301V3390","코스피200 P 202403 390.0",,,,,,"20.10","55.95","0","0.0","611"
"301V3395","코스피200 P 202403 395.0",,,,,,"20.10","59.75","0","0.0","1"
"301V3400","코스피200 P 202403 400.0",,,,,,"20.10","63.85","0","0.0","0"
"301V3405","코스피200 P 202403 405.0",,,,,,"20.10","68.00","0","0.0","0"
"301V3410","코스피200 P 202403 410.0",,,,,,"20.10","72.20","0","0.0","0"
"301V3415","코스피200 P 202403 415.0",,,,,,"20.10","76.35","0","0.0","0"
"301V3420","코스피200 P 202403 420.0",,,,,,"20.10","80.70","0","0.0","0"
"301V3425","코스피200 P 202403 425.0",,,,,,"20.10","85.10","0","0.0","0"
"301V3430","코스피200 P 202403 430.0",,,,,,"20.10","89.55","0","0.0","0"
"301V3435","코스피200 P 202403 435.0",,,,,,"20.10","93.95","0","0.0","0"
"301V3440","코스피200 P 202403 440.0",,,,,,"20.10","98.45","0","0.0","0"
"301V3445","코스피200 P 202403 445.0",,,,,,"20.10","103.05","0","0.0","0"
"301V3450","코스피200 P 202403 450.0",,,,,,"20.10","107.65","0","0.0","0"
"301V3455","코스피200 P 202403 455.0",,,,,,"20.10","112.25","0","0.0","0"
"301V6160","코스피200 P 202406 160.0",,,,,,"33.50","0.32","0","0.0","726"
"301V6170","코스피200 P 202406 170.0","0.59","0.00","0.58","0.59","0.58","33.50","0.59","100","15.0","371"
"301V6180","코스피200 P 202406 180.0",,,,,,"32.05","0.67","0","0.0","2307"
"301V6190","코스피200 P 202406 190.0","0.88","-0.05","0.88","0.88","0.88","30.60","0.88","1","0.0","106"
"301V6200","코스피200 P 202406 200.0","1.03","-0.10","1.03","1.03","1.03","28.90","1.03","1","0.0","248"
"301V6210","코스피200 P 202406 210.0","1.28","-0.08","1.27","1.28","1.26","28.00","1.28","51","16.0","198"
"301V6220","코스피200 P 202406 220.0",,,,,,"26.88","1.61","0","0.0","510"
"301V6230","코스피200 P 202406 230.0",,,,,,"25.76","1.98","0","0.0","456"
"301V6240","코스피200 P 202406 240.0",,,,,,"24.64","2.37","0","0.0","1153"
"301V6250","코스피200 P 202406 250.0",,,,,,"23.52","2.98","0","0.0","8346"
"301V6260","코스피200 P 202406 260.0","3.63","-0.10","3.64","3.65","3.60","22.40","3.63","12","11.0","6287"
"301V6270","코스피200 P 202406 270.0",,,,,,"22.40","5.12","700","795.0","7222"
"301V6280","코스피200 P 202406 280.0",,,,,,"22.40","6.86","0","0.0","6501"
"301V6290","코스피200 P 202406 290.0",,,,,,"22.40","9.38","0","0.0","5838"
"301V6300","코스피200 P 202406 300.0",,,,,,"22.40","12.00","0","0.0","6350"
"301V6310","코스피200 P 202406 310.0",,,,,,"22.40","15.55","0","0.0","4256"
"301V6320","코스피200 P 202406 320.0",,,,,,"22.40","19.10","0","0.0","3354"
"301V6330","코스피200 P 202406 330.0",,,,,,"22.40","23.70","400","2113.0","4402"
"301V6340","코스피200 P 202406 340.0",,,,,,"22.40","28.30","500","2778.0","703"
"301V6350","코스피200 P 202406 350.0",,,,,,"22.40","33.85","0","0.0","0"
"301V6360","코스피200 P 202406 360.0",,,,,,"22.40","39.50","0","0.0","6"
"301V6370","코스피200 P 202406 370.0",,,,,,"22.40","45.80","0","0.0","0"
"301V6380","코스피200 P 202406 380.0",,,,,,"22.40","52.50","0","0.0","0"
"301V6390","코스피200 P 202406 390.0",,,,,,"22.40","59.30","0","0.0","0"
"301V6400","코스피200 P 202406 400.0",,,,,,"22.40","66.90","0","0.0","0"
"301V6410","코스피200 P 202406 410.0",,,,,,"22.40","74.45","0","0.0","1"
"301V6420","코스피200 P 202406 420.0",,,,,,"22.40","82.40","0","0.0","0"
"301V6430","코스피200 P 202406 430.0",,,,,,"22.40","90.70","0","0.0","0"
"301V6440","코스피200 P 202406 440.0",,,,,,"22.40","98.95","0","0.0","0"
"301V6450","코스피200 P 202406 450.0",,,,,,"22.40","107.60","0","0.0","0"
"301V6460","코스피200 P 202406 460.0",,,,,,"22.40","116.40","0","0.0","0"
"301V6470","코스피200 P 202406 470.0",,,,,,"22.40","125.20","0","0.0","0"
"301VC160","코스피200 P 202412 160.0","0.94","-0.01","0.98","0.98","0.94","32.50","0.94","2","0.0","985"
"301VC170","코스피200 P 202412 170.0",,,,,,"31.32","1.14","0","0.0","2411"
"301VC180","코스피200 P 202412 180.0",,,,,,"30.15","1.34","0","0.0","4553"
"301VC190","코스피200 P 202412 190.0",,,,,,"28.97","1.64","0","0.0","10"
"301VC200","코스피200 P 202412 200.0","2.01","-0.10","2.01","2.01","2.01","27.80","2.01","1","1.0","2308"
"301VC210","코스피200 P 202412 210.0",,,,,,"26.70","2.32","0","0.0","402"
"301VC220","코스피200 P 202412 220.0",,,,,,"25.60","2.72","0","0.0","3122"
"301VC230","코스피200 P 202412 230.0","3.30","-0.11","3.30","3.30","3.30","24.50","3.30","1","1.0","1710"
"301VC240","코스피200 P 202412 240.0","4.00","-0.10","4.00","4.00","4.00","23.80","4.00","1","1.0","4495"
"301VC250","코스피200 P 202412 250.0",,,,,,"23.13","4.94","0","0.0","5026"
"301VC260","코스피200 P 202412 260.0",,,,,,"22.46","6.10","0","0.0","7721"
"301VC270","코스피200 P 202412 270.0","7.18","-0.17","7.14","7.18","7.14","21.80","7.18","7","13.0","7129"
"301VC280","코스피200 P 202412 280.0",,,,,,"20.90","8.67","0","0.0","8532"
"301VC290","코스피200 P 202412 290.0","10.20","-0.30","10.20","10.20","10.20","20.00","10.20","1","3.0","2603"
"301VC300","코스피200 P 202412 300.0","12.20","-0.55","12.20","12.20","12.20","19.50","12.20","5","15.0","6912"
"301VC310","코스피200 P 202412 310.0",,,,,,"19.16","15.00","0","0.0","5454"
"301VC320","코스피200 P 202412 320.0",,,,,,"18.81","18.00","0","0.0","2409"
"301VC330","코스피200 P 202412 330.0",,,,,,"18.48","21.70","0","0.0","2818"
"301VC340","코스피200 P 202412 340.0",,,,,,"18.14","25.45","0","0.0","508"
"301VC350","코스피200 P 202412 350.0","30.00","-4.10","29.85","30.00","20.30","17.80","30.00","5","30.0","1013"
"301VC360","코스피200 P 202412 360.0",,,,,,"18.28","36.20","0","0.0","618"
"301VC370","코스피200 P 202412 370.0",,,,,,"18.76","43.05","0","0.0","1"
"301VC380","코스피200 P 202412 380.0",,,,,,"19.24","50.15","0","0.0","0"
"301VC390","코스피200 P 202412 390.0",,,,,,"19.72","57.30","0","0.0","2"
"301VC400","코스피200 P 202412 400.0",,,,,,"20.21","65.15","0","0.0","1403"
"301VC410","코스피200 P 202412 410.0",,,,,,"20.69","73.15","0","0.0","0"
"301VC420","코스피200 P 202412 420.0",,,,,,"21.17","81.20","0","0.0","0"
"301VC430","코스피200 P 202412 430.0",,,,,,"21.65","89.30","0","0.0","0"
"301VC440","코스피200 P 202412 440.0",,,,,,"22.14","97.95","0","0.0","0"
"301VC450","코스피200 P 202412 450.0",,,,,,"22.62","106.65","0","0.0","0"
"301VC460","코스피200 P 202412 460.0",,,,,,"23.10","115.30","0","0.0","0"
"301VC470","코스피200 P 202412 470.0",,,,,,"23.58","124.05","0","0.0","0"
"301VC480","코스피200 P 202412 480.0",,,,,,"24.07","132.80","0","0.0","0"
"301VC490","코스피200 P 202412 490.0",,,,,,"24.55","141.75","0","0.0","0"
"301VC500","코스피200 P 202412 500.0",,,,,,"25.03","150.85","0","0.0","0"
"301VC510","코스피200 P 202412 510.0",,,,,,"25.51","159.95","0","0.0","0"
"301VC520","코스피200 P 202412 520.0","168.20","-0.25","168.00","168.25","167.55","26.00","168.20","29","1217.0","180"
"301WC170","코스피200 P 202512 170.0",,,,,,"27.20","1.79","0","0.0","156"
"301WC180","코스피200 P 202512 180.0",,,,,,"27.20","2.48","0","0.0","16"
"301WC190","코스피200 P 202512 190.0","3.47","-0.39","3.53","3.53","3.47","27.20","3.47","4","3.0","182"
"301WC200","코스피200 P 202512 200.0",,,,,,"27.20","4.58","0","0.0","700"
"301WC210","코스피200 P 202512 210.0",,,,,,"27.20","5.82","0","0.0","1"
"301WC220","코스피200 P 202512 220.0",,,,,,"27.20","7.59","0","0.0","0"
"301WC230","코스피200 P 202512 230.0",,,,,,"27.20","9.37","0","0.0","1"
"301WC240","코스피200 P 202512 240.0",,,,,,"27.20","11.45","0","0.0","3"
"301WC250","코스피200 P 202512 250.0",,,,,,"27.20","14.05","0","0.0","6"
"301WC260","코스피200 P 202512 260.0",,,,,,"27.20","16.60","0","0.0","614"
"301WC270","코스피200 P 202512 270.0",,,,,,"27.20","19.45","0","0.0","0"
"301WC280","코스피200 P 202512 280.0",,,,,,"27.20","22.95","0","0.0","0"
"301WC290","코스피200 P 202512 290.0",,,,,,"27.20","26.50","0","0.0","0"
"301WC300","코스피200 P 202512 300.0",,,,,,"27.20","30.00","0","0.0","418"
"301WC310","코스피200 P 202512 310.0",,,,,,"27.20","34.30","0","0.0","2"
"301WC320","코스피200 P 202512 320.0",,,,,,"27.20","38.85","0","0.0","0"
"301WC330","코스피200 P 202512 330.0",,,,,,"27.20","43.35","0","0.0","5"
"301WC340","코스피200 P 202512 340.0",,,,,,"27.20","47.90","0","0.0","0"
"301WC350","코스피200 P 202512 350.0",,,,,,"27.20","53.25","0","0.0","0"
"301WC360","코스피200 P 202512 360.0",,,,,,"27.20","58.80","0","0.0","0"
"301WC370","코스피200 P 202512 370.0",,,,,,"27.20","64.35","0","0.0","0"
"301WC380","코스피200 P 202512 380.0",,,,,,"27.20","69.90","0","0.0","1"
"301WC390","코스피200 P 202512 390.0",,,,,,"27.20","75.75","0","0.0","0"
"301WC400","코스피200 P 202512 400.0",,,,,,"27.20","82.25","0","0.0","1"
"301WC410","코스피200 P 202512 410.0",,,,,,"27.20","88.75","0","0.0","0"
"301WC420","코스피200 P 202512 420.0",,,,,,"27.20","95.25","0","0.0","0"
"301WC430","코스피200 P 202512 430.0",,,,,,"27.20","101.75","0","0.0","0"
"301WC440","코스피200 P 202512 440.0",,,,,,"27.20","108.35","0","0.0","1"
"301WC450","코스피200 P 202512 450.0",,,,,,"27.20","115.65","0","0.0","0"
"301WC460","코스피200 P 202512 460.0",,,,,,"27.20","122.95","0","0.0","0"